-9.853845 0.029302 0.164450 27.118034 0.035136 -0.010647 -0.007453 1710096065133883738 
-9.855639 0.032292 0.167440 27.130272 0.035136 -0.010647 -0.007453 1710096065153618044 
-9.864010 0.024518 0.157872 27.145567 0.035136 -0.010647 -0.007453 1710096065173358238 
-9.856834 0.012558 0.158470 27.127213 0.035136 -0.010647 -0.007453 1710096065193098627 
-9.852050 0.015548 0.163852 27.148624 0.034071 -0.010647 -0.007453 1710096065212840544 
-9.853845 0.029900 0.175812 27.163919 0.034071 -0.010647 -0.007453 1710096065232581489 
-9.862216 0.022126 0.178204 27.142508 0.034071 -0.010647 -0.007453 1710096065252322239 
-9.852648 0.014352 0.165646 27.157803 0.034071 -0.010647 -0.007453 1710096065272063572 
-9.858030 0.012558 0.165048 27.166979 0.034071 -0.011712 -0.007453 1710096065291803739 
-9.848462 0.031694 0.191360 27.176157 0.034071 -0.011712 -0.007453 1710096065311544683 
-9.855041 0.028106 0.181792 27.176157 0.034071 -0.011712 -0.008518 1710096065331284211 
-9.850256 0.010166 0.171028 27.185333 0.034071 -0.010647 -0.008518 1710096065351026183 
-9.850256 0.023920 0.171028 27.188393 0.034071 -0.011712 -0.008518 1710096065370766961 
-9.862216 0.026910 0.183586 27.188393 0.034071 -0.011712 -0.007453 1710096065390507850 
-9.859824 0.028106 0.198536 27.185333 0.034071 -0.010647 -0.007453 1710096065410249350 
-9.860422 0.016146 0.191958 27.191452 0.034071 -0.010647 -0.007453 1710096065429988627 
-9.861020 0.014352 0.172224 27.194510 0.035136 -0.010647 -0.007453 1710096065449729378 
-9.856236 0.023920 0.196144 27.206745 0.034071 -0.011712 -0.007453 1710096065469469933 
-9.852648 0.018538 0.191958 27.215923 0.033006 -0.010647 -0.007453 1710096065489211072 
-9.854443 0.038272 0.175812 27.218983 0.033006 -0.011712 -0.007453 1710096065508951905 
-9.856834 0.021528 0.254748 27.218983 0.034071 -0.014906 -0.007453 1710096065528692683 
-9.877764 -0.005382 0.135746 27.234278 0.036201 -0.007453 -0.007453 1710096065548435183 
-9.869392 0.000000 0.172224 27.234278 0.035136 -0.011712 -0.008518 1710096065568174322 
-9.855639 0.032292 0.202722 27.234278 0.033006 -0.011712 -0.007453 1710096065587915294 
-9.851452 0.045448 0.221858 27.228159 0.034071 -0.011712 -0.007453 1710096065607655766 
-9.844276 0.032890 0.192556 27.243454 0.035136 -0.010647 -0.007453 1710096065627396905 
-9.846668 0.013156 0.159666 27.243454 0.035136 -0.009583 -0.007453 1710096065647137739 
-9.849060 0.029302 0.218270 27.240395 0.035136 -0.013841 -0.007453 1710096065666878794 
-9.853845 0.043056 0.208104 27.243454 0.035136 -0.010647 -0.006388 1710096065686621128 
-9.858628 0.027508 0.209300 27.249573 0.035136 -0.010647 -0.007453 1710096065706360267 
-9.861020 0.014352 0.187174 27.249573 0.035136 -0.009583 -0.007453 1710096065726101155 
-9.856834 0.013754 0.188968 27.261808 0.034071 -0.010647 -0.007453 1710096065745841544 
-9.862814 0.017342 0.220662 27.264868 0.034071 -0.011712 -0.007453 1710096065765582572 
-9.849060 0.030498 0.221260 27.261808 0.034071 -0.010647 -0.008518 1710096065785323433 
-9.850256 0.017940 0.206310 27.270985 0.034071 -0.009583 -0.007453 1710096065805064239 
-9.860422 0.025116 0.187174 27.274044 0.035136 -0.009583 -0.007453 1710096065824805017 
-9.843678 0.027508 0.213486 27.264868 0.034071 -0.011712 -0.008518 1710096065844545905 
-9.844276 0.037076 0.221260 27.270985 0.034071 -0.011712 -0.008518 1710096065864286794 
-9.849658 0.028704 0.214682 27.277103 0.034071 -0.010647 -0.007453 1710096065884030239 
-9.840090 0.004784 0.190762 27.277103 0.035136 -0.010647 -0.007453 1710096065903770628 
-9.855041 0.020332 0.199134 27.270985 0.034071 -0.011712 -0.007453 1710096065923511517 
-9.843678 0.024518 0.215280 27.289339 0.034071 -0.010647 -0.007453 1710096065943252406 
-9.857432 0.021528 0.214084 27.286280 0.034071 -0.011712 -0.007453 1710096065962991044 
-9.859824 0.019136 0.211692 27.283220 0.035136 -0.010647 -0.007453 1710096065982739239 
-9.859824 0.019734 0.201526 27.292398 0.034071 -0.010647 -0.008518 1710096066002473794 
-9.861020 0.017940 0.214084 27.292398 0.035136 -0.011712 -0.007453 1710096066022218100 
-9.850854 0.023322 0.218868 27.283220 0.035136 -0.010647 -0.007453 1710096066041956656 
-9.854443 0.019136 0.202722 27.292398 0.035136 -0.010647 -0.007453 1710096066061697267 
-9.858030 0.026312 0.215878 27.295458 0.035136 -0.010647 -0.007453 1710096066081437017 
-9.858628 0.028704 0.215878 27.292398 0.034071 -0.011712 -0.007453 1710096066101177294 
-9.847266 0.024518 0.226044 27.292398 0.035136 -0.011712 -0.007453 1710096066120920433 
-9.858628 0.019734 0.211692 27.292398 0.035136 -0.010647 -0.007453 1710096066140660739 
-9.858030 0.025116 0.204516 27.295458 0.035136 -0.010647 -0.008518 1710096066160401517 
-9.852648 0.029900 0.227240 27.292398 0.034071 -0.011712 -0.007453 1710096066180142600 
-9.852648 0.019734 0.228436 27.307693 0.034071 -0.011712 -0.008518 1710096066199883433 
-9.852648 0.007774 0.214682 27.298515 0.035136 -0.010647 -0.007453 1710096066219624378 
-9.860422 0.007774 0.210496 27.292398 0.035136 -0.010647 -0.007453 1710096066239363295 
-9.841287 0.024518 0.220064 27.304634 0.034071 -0.011712 -0.007453 1710096066259106183 
-9.850256 0.028106 0.224250 27.304634 0.035136 -0.010647 -0.007453 1710096066278846961 
-9.854443 0.019734 0.222456 27.310753 0.035136 -0.010647 -0.008518 1710096066298586545 
-9.858030 0.014352 0.217672 27.313810 0.034071 -0.010647 -0.008518 1710096066318328878 
-9.857432 0.028704 0.213486 27.295458 0.034071 -0.010647 -0.007453 1710096066338069545 
-9.852050 0.022724 0.233818 27.310753 0.034071 -0.010647 -0.007453 1710096066357810350 
-9.850256 0.032292 0.228436 27.310753 0.035136 -0.010647 -0.007453 1710096066377549434 
-9.847864 0.010764 0.219466 27.310753 0.035136 -0.010647 -0.008518 1710096066397292378 
-9.858628 0.011960 0.215280 27.313810 0.035136 -0.010647 -0.008518 1710096066417033128 
-9.859824 0.023322 0.226044 27.310753 0.035136 -0.011712 -0.007453 1710096066436774017 
-9.860422 0.021528 0.226044 27.316870 0.035136 -0.010647 -0.007453 1710096066456515100 
-9.851452 0.015548 0.220662 27.319929 0.035136 -0.010647 -0.007453 1710096066476255767 
-9.853845 0.019136 0.221260 27.344400 0.035136 -0.010647 -0.007453 1710096066495996517 
-9.849060 0.017940 0.220662 27.316870 0.035136 -0.010647 -0.007453 1710096066515737572 
-9.853247 0.025714 0.222456 27.329105 0.035136 -0.011712 -0.007453 1710096066535478795 
-9.853845 0.022724 0.227838 27.332165 0.035136 -0.011712 -0.007453 1710096066555219350 
-9.849658 0.019136 0.226044 27.335224 0.035136 -0.011712 -0.007453 1710096066574960406 
-9.858030 0.023920 0.220064 27.335224 0.034071 -0.010647 -0.007453 1710096066594699434 
-9.856834 0.026312 0.222456 27.341343 0.035136 -0.011712 -0.007453 1710096066614441906 
-9.859226 0.025116 0.228436 27.322989 0.035136 -0.011712 -0.007453 1710096066634182934 
-9.853247 0.029302 0.224848 27.326048 0.035136 -0.011712 -0.007453 1710096066653922045 
-9.852050 0.014950 0.223054 27.335224 0.035136 -0.010647 -0.007453 1710096066673664878 
-9.859226 0.023920 0.230828 27.332165 0.034071 -0.010647 -0.007453 1710096066693405045 
-9.847864 0.032890 0.227838 27.335224 0.035136 -0.011712 -0.007453 1710096066713146017 
-9.847266 0.031096 0.224250 27.326048 0.034071 -0.010647 -0.007453 1710096066732885739 
-9.850256 0.029900 0.221858 27.341343 0.034071 -0.011712 -0.007453 1710096066752627073 
-9.849658 0.019734 0.230230 27.344400 0.034071 -0.010647 -0.007453 1710096066772368878 
-9.857432 0.020332 0.229632 27.335224 0.034071 -0.011712 -0.007453 1710096066792109767 
-9.858030 0.032890 0.236808 27.341343 0.034071 -0.011712 -0.007453 1710096066811851378 
-9.854443 0.023920 0.215280 27.338284 0.034071 -0.011712 -0.007453 1710096066831591489 
-9.863412 0.029302 0.232024 27.344400 0.035136 -0.010647 -0.007453 1710096066851331212 
-9.856834 0.023322 0.226044 27.344400 0.034071 -0.011712 -0.007453 1710096066871072184 
-9.849060 0.028106 0.226044 27.344400 0.035136 -0.011712 -0.007453 1710096066890813073 
-9.844874 0.010764 0.220662 27.341343 0.035136 -0.010647 -0.008518 1710096066910558962 
-9.855041 0.027508 0.233818 27.347460 0.034071 -0.010647 -0.007453 1710096066930295239 
-9.847266 0.026312 0.239200 27.344400 0.034071 -0.010647 -0.007453 1710096066950038628 
-9.858030 0.025116 0.235014 27.347460 0.035136 -0.011712 -0.008518 1710096066969778628 
-9.852648 0.017342 0.233220 27.359695 0.034071 -0.011712 -0.007453 1710096066989517823 
-9.859824 0.026910 0.223652 27.347460 0.034071 -0.010647 -0.006388 1710096067009258406 
-9.848462 0.029302 0.227838 27.338284 0.034071 -0.011712 -0.007453 1710096067028999712 
-9.851452 0.032292 0.231426 27.338284 0.034071 -0.011712 -0.007453 1710096067048742739 
-9.852648 0.022724 0.232024 27.344400 0.034071 -0.011712 -0.007453 1710096067068481573 
-9.855041 0.011362 0.215280 27.356638 0.034071 -0.011712 -0.007453 1710096067088223906 
-9.858030 0.026910 0.226044 27.353579 0.034071 -0.011712 -0.007453 1710096067107963378 
-9.849060 0.025116 0.236210 27.344400 0.034071 -0.011712 -0.007453 1710096067127704295 
-9.859824 0.022724 0.240396 27.359695 0.035136 -0.011712 -0.008518 1710096067147444851 
-9.859824 0.020930 0.226642 27.356638 0.035136 -0.010647 -0.007453 1710096067167186184 
-9.859226 0.018538 0.220662 27.356638 0.034071 -0.010647 -0.007453 1710096067186927128 
-9.856236 0.014352 0.221858 27.344400 0.034071 -0.011712 -0.007453 1710096067206668017 
-9.855041 0.017940 0.230828 27.359695 0.034071 -0.010647 -0.007453 1710096067226410323 
-9.841287 0.028106 0.226642 27.359695 0.034071 -0.010647 -0.007453 1710096067246149739 
-9.863412 0.023920 0.236808 27.359695 0.034071 -0.011712 -0.007453 1710096067265890239 
-9.854443 0.023322 0.240396 27.347460 0.034071 -0.011712 -0.007453 1710096067285631323 
-9.848462 0.010764 0.235014 27.353579 0.034071 -0.011712 -0.007453 1710096067305372267 
-9.862216 0.029900 0.226642 27.359695 0.035136 -0.011712 -0.008518 1710096067325113156 
-9.852648 0.022724 0.228436 27.347460 0.034071 -0.011712 -0.008518 1710096067344854073 
-9.855639 0.022126 0.238602 27.353579 0.034071 -0.011712 -0.007453 1710096067364594878 
-9.854443 0.022126 0.234416 27.338284 0.035136 -0.011712 -0.008518 1710096067384335823 
-9.856834 0.027508 0.232024 27.344400 0.035136 -0.010647 -0.008518 1710096067404076767 
-9.861020 0.016744 0.232622 27.341343 0.035136 -0.010647 -0.008518 1710096067423819878 
-9.853247 0.013754 0.236210 27.353579 0.035136 -0.010647 -0.008518 1710096067443560906 
-9.856236 0.017342 0.237406 27.356638 0.034071 -0.011712 -0.007453 1710096067463301712 
-9.846070 0.026312 0.238004 27.350519 0.034071 -0.011712 -0.007453 1710096067483042490 
-9.848462 0.028106 0.233818 27.359695 0.034071 -0.010647 -0.007453 1710096067502781795 
-9.852648 0.027508 0.232024 27.353579 0.034071 -0.011712 -0.007453 1710096067522524490 
-9.857432 0.022126 0.233220 27.347460 0.034071 -0.011712 -0.007453 1710096067542265295 
-9.850854 0.026312 0.221260 27.356638 0.034071 -0.011712 -0.007453 1710096067562006184 
-9.856236 0.019734 0.241592 27.362755 0.034071 -0.011712 -0.007453 1710096067581747073 
-9.858030 0.033488 0.233818 27.365814 0.034071 -0.011712 -0.007453 1710096067601487795 
-9.846668 0.016146 0.235014 27.362755 0.034071 -0.011712 -0.007453 1710096067621228656 
-9.855041 0.025714 0.226044 27.365814 0.034071 -0.010647 -0.008518 1710096067640967823 
-9.848462 0.023322 0.228436 27.368874 0.034071 -0.011712 -0.007453 1710096067660711017 
-9.862216 0.016744 0.228436 27.356638 0.034071 -0.010647 -0.007453 1710096067680451462 
-9.865206 0.016146 0.240396 27.365814 0.034071 -0.011712 -0.007453 1710096067700192323 
-9.849658 0.031694 0.236210 27.353579 0.034071 -0.011712 -0.007453 1710096067719933406 
-9.861020 0.019734 0.228436 27.371933 0.034071 -0.011712 -0.007453 1710096067739674379 
-9.854443 0.028704 0.240396 27.374990 0.035136 -0.011712 -0.008518 1710096067759413740 
-9.855041 0.016744 0.239200 27.368874 0.035136 -0.010647 -0.007453 1710096067779154351 
-9.858030 0.012558 0.233818 27.362755 0.034071 -0.011712 -0.008518 1710096067798897434 
-9.855041 0.019734 0.230230 27.359695 0.035136 -0.010647 -0.007453 1710096067818638240 
-9.846070 0.013754 0.235612 27.362755 0.034071 -0.010647 -0.007453 1710096067838388129 
-9.861618 0.014352 0.243386 27.368874 0.034071 -0.011712 -0.007453 1710096067858121323 
-9.858628 0.017940 0.233818 27.365814 0.034071 -0.011712 -0.007453 1710096067877860990 
-9.847266 0.026312 0.233818 27.371933 0.034071 -0.011712 -0.007453 1710096067897601906 
-9.859226 0.024518 0.226044 27.368874 0.035136 -0.010647 -0.007453 1710096067917340712 
-9.843678 0.016744 0.232622 27.362755 0.034071 -0.010647 -0.007453 1710096067937083629 
-9.857432 0.011362 0.238602 27.368874 0.035136 -0.010647 -0.008518 1710096067956822573 
-9.853845 0.009568 0.236808 27.368874 0.034071 -0.011712 -0.008518 1710096067976565379 
-9.846070 0.018538 0.237406 27.374990 0.035136 -0.011712 -0.008518 1710096067996306573 
-9.859226 0.017940 0.237406 27.384169 0.035136 -0.011712 -0.007453 1710096068016048768 
-9.852648 0.022126 0.237406 27.371933 0.034071 -0.010647 -0.007453 1710096068035788129 
-9.850854 0.019136 0.239798 27.371933 0.034071 -0.011712 -0.007453 1710096068055529351 
-9.853247 0.026312 0.240396 27.362755 0.035136 -0.011712 -0.008518 1710096068075270101 
-9.856236 0.025714 0.232622 27.365814 0.035136 -0.010647 -0.007453 1710096068095011490 
-9.852648 0.014352 0.236808 27.365814 0.034071 -0.010647 -0.007453 1710096068114751990 
-9.864608 0.019136 0.238602 27.371933 0.034071 -0.010647 -0.007453 1710096068134490934 
-9.850854 0.021528 0.235612 27.381109 0.034071 -0.010647 -0.008518 1710096068154233684 
-9.839492 0.023322 0.236210 27.381109 0.035136 -0.011712 -0.007453 1710096068173975629 
-9.857432 0.028106 0.238602 27.384169 0.035136 -0.010647 -0.007453 1710096068193715351 
-9.851452 0.020332 0.235014 27.381109 0.034071 -0.011712 -0.008518 1710096068213456712 
-9.850256 0.019136 0.239200 27.371933 0.034071 -0.011712 -0.007453 1710096068233196851 
-9.855041 0.013156 0.236210 27.368874 0.034071 -0.011712 -0.008518 1710096068252937851 
-9.859824 0.025116 0.237406 27.368874 0.034071 -0.010647 -0.007453 1710096068272677573 
-9.850854 0.017342 0.231426 27.374990 0.035136 -0.011712 -0.007453 1710096068292418407 
-9.845472 0.029302 0.233220 27.387228 0.034071 -0.011712 -0.007453 1710096068312160684 
-9.852648 0.027508 0.235014 27.387228 0.034071 -0.010647 -0.008518 1710096068331901601 
-9.859226 0.025714 0.232024 27.396404 0.035136 -0.011712 -0.008518 1710096068351643157 
-9.851452 0.020332 0.235612 27.393345 0.035136 -0.011712 -0.007453 1710096068371383490 
-9.850256 0.022724 0.233818 27.384169 0.034071 -0.011712 -0.007453 1710096068391124462 
-9.843081 0.028106 0.232024 27.381109 0.034071 -0.010647 -0.007453 1710096068410864101 
-9.846070 0.022724 0.238004 27.387228 0.034071 -0.011712 -0.007453 1710096068430606184 
-9.854443 0.020930 0.228436 27.390285 0.035136 -0.010647 -0.007453 1710096068450347073 
-9.853247 0.023322 0.228436 27.368874 0.034071 -0.010647 -0.007453 1710096068470088101 
-9.855639 0.021528 0.230230 27.387228 0.034071 -0.011712 -0.007453 1710096068489829823 
-9.857432 0.026312 0.235014 27.390285 0.035136 -0.011712 -0.008518 1710096068509569212 
-9.868196 0.030498 0.240396 27.390285 0.034071 -0.010647 -0.007453 1710096068529310018 
-9.862814 0.020332 0.232024 27.381109 0.035136 -0.011712 -0.008518 1710096068549050851 
-9.852648 0.022126 0.229632 27.387228 0.034071 -0.011712 -0.007453 1710096068568791935 
-9.850256 0.019734 0.233818 27.374990 0.034071 -0.011712 -0.007453 1710096068588533018 
-9.853845 0.028106 0.239798 27.374990 0.034071 -0.011712 -0.007453 1710096068608273851 
-9.858030 0.022126 0.231426 27.374990 0.035136 -0.011712 -0.008518 1710096068628016407 
-9.842483 0.025714 0.238004 27.384169 0.034071 -0.011712 -0.007453 1710096068647755657 
-9.839492 0.020332 0.238602 27.387228 0.035136 -0.011712 -0.008518 1710096068667496546 
-9.852050 0.024518 0.233220 27.384169 0.034071 -0.010647 -0.007453 1710096068687237129 
-9.853247 0.015548 0.237406 27.387228 0.034071 -0.010647 -0.007453 1710096068706978768 
-9.855639 0.021528 0.226044 27.381109 0.034071 -0.010647 -0.007453 1710096068726719462 
-9.864010 0.025714 0.236808 27.396404 0.035136 -0.010647 -0.007453 1710096068746463657 
-9.856834 0.017940 0.232024 27.390285 0.035136 -0.011712 -0.008518 1710096068766203462 
-9.849060 0.029302 0.235612 27.390285 0.034071 -0.011712 -0.007453 1710096068785942074 
-9.865206 0.028704 0.240994 27.393345 0.034071 -0.011712 -0.007453 1710096068805682962 
-9.861020 0.011362 0.229632 27.393345 0.034071 -0.011712 -0.007453 1710096068825423685 
-9.843678 0.014352 0.227240 27.381109 0.035136 -0.011712 -0.007453 1710096068845164629 
-9.843678 0.018538 0.236210 27.387228 0.035136 -0.011712 -0.007453 1710096068864905685 
-9.860422 0.023920 0.238004 27.399464 0.035136 -0.010647 -0.007453 1710096068884646518 
-9.853845 0.035282 0.245180 27.381109 0.034071 -0.010647 -0.007453 1710096068904387379 
-9.863412 0.032292 0.230828 27.381109 0.034071 -0.010647 -0.007453 1710096068924128324 
-9.857432 0.025116 0.232024 27.387228 0.035136 -0.011712 -0.007453 1710096068943871490 
-9.855639 0.016744 0.238602 27.384169 0.035136 -0.011712 -0.007453 1710096068963612240 
-9.858628 0.023322 0.236210 27.390285 0.035136 -0.010647 -0.007453 1710096068983353324 
-9.849658 0.017342 0.232024 27.396404 0.035136 -0.010647 -0.007453 1710096069003095824 
-9.855639 0.016744 0.237406 27.390285 0.035136 -0.011712 -0.008518 1710096069022835101 
-9.850854 0.015548 0.230230 27.387228 0.035136 -0.011712 -0.008518 1710096069042574435 
-9.849060 0.015548 0.235014 27.393345 0.034071 -0.011712 -0.008518 1710096069062317185 
-9.857432 0.019136 0.236210 27.396404 0.034071 -0.011712 -0.007453 1710096069082057990 
-9.847864 0.027508 0.243386 27.387228 0.034071 -0.010647 -0.007453 1710096069101798657 
-9.850256 0.025116 0.234416 27.396404 0.034071 -0.010647 -0.007453 1710096069121538490 
-9.856236 0.022126 0.236210 27.381109 0.034071 -0.010647 -0.007453 1710096069141281046 
-9.859824 0.009568 0.233818 27.384169 0.035136 -0.009583 -0.008518 1710096069161021574 
-9.850854 0.010166 0.236210 27.402521 0.035136 -0.010647 -0.007453 1710096069180760685 
-9.851452 0.029302 0.239798 27.399464 0.034071 -0.010647 -0.007453 1710096069200503518 
-9.871186 0.011362 0.236210 27.393345 0.034071 -0.011712 -0.007453 1710096069220244213 
-9.851452 0.017940 0.233220 27.393345 0.034071 -0.011712 -0.007453 1710096069239985435 
-9.850256 0.016744 0.233818 27.384169 0.034071 -0.010647 -0.008518 1710096069259726407 
-9.847266 0.017940 0.230230 27.390285 0.034071 -0.010647 -0.007453 1710096069279467185 
-9.855639 0.009568 0.240994 27.402521 0.035136 -0.010647 -0.007453 1710096069299207629 
-9.858030 0.017940 0.236808 27.396404 0.035136 -0.010647 -0.007453 1710096069318947268 
-9.854443 0.019136 0.227838 27.393345 0.034071 -0.011712 -0.007453 1710096069338689990 
-9.850854 0.023920 0.230230 27.411699 0.034071 -0.011712 -0.007453 1710096069358430796 
-9.858030 0.022126 0.239200 27.405581 0.035136 -0.011712 -0.007453 1710096069378171852 
-9.857432 0.020930 0.238602 27.393345 0.035136 -0.010647 -0.008518 1710096069397912907 
-9.852648 0.014352 0.232622 27.393345 0.034071 -0.010647 -0.007453 1710096069417653741 
-9.850256 0.030498 0.242788 27.399464 0.035136 -0.010647 -0.007453 1710096069437394768 
-9.857432 0.025714 0.241592 27.399464 0.035136 -0.011712 -0.007453 1710096069457133824 
-9.854443 0.013754 0.237406 27.399464 0.035136 -0.011712 -0.007453 1710096069476876602 
-9.855041 0.026910 0.231426 27.402521 0.035136 -0.011712 -0.007453 1710096069496617518 
-9.855639 0.026910 0.236808 27.396404 0.035136 -0.011712 -0.007453 1710096069516358379 
-9.859824 0.023920 0.236808 27.396404 0.034071 -0.010647 -0.007453 1710096069536099518 
-9.852050 0.018538 0.235014 27.396404 0.035136 -0.010647 -0.007453 1710096069555840213 
-9.853247 0.023322 0.230828 27.396404 0.035136 -0.011712 -0.007453 1710096069575581129 
-9.859824 0.025714 0.235612 27.393345 0.035136 -0.010647 -0.007453 1710096069595322741 
-9.859226 0.016146 0.236808 27.393345 0.034071 -0.010647 -0.007453 1710096069615063352 
-9.854443 0.011362 0.237406 27.396404 0.035136 -0.011712 -0.007453 1710096069634804102 
-9.855041 0.020332 0.239200 27.405581 0.034071 -0.011712 -0.007453 1710096069654543463 
-9.856834 0.018538 0.230828 27.405581 0.035136 -0.011712 -0.007453 1710096069674287518 
-9.861020 0.019734 0.239200 27.399464 0.034071 -0.011712 -0.007453 1710096069694028046 
-9.854443 0.021528 0.235014 27.405581 0.034071 -0.010647 -0.007453 1710096069713768074 
-9.854443 0.023920 0.235014 27.408640 0.034071 -0.010647 -0.007453 1710096069733508296 
-9.852050 0.004784 0.235612 27.405581 0.034071 -0.010647 -0.007453 1710096069753249741 
-9.843678 0.023920 0.239798 27.405581 0.034071 -0.010647 -0.007453 1710096069772991213 
-9.851452 0.032890 0.237406 27.396404 0.034071 -0.011712 -0.007453 1710096069792731241 
-9.862814 0.018538 0.243984 27.405581 0.034071 -0.010647 -0.007453 1710096069812470880 
-9.849060 0.021528 0.230230 27.405581 0.034071 -0.010647 -0.008518 1710096069832213018 
-9.862216 0.010764 0.220064 27.408640 0.034071 -0.011712 -0.007453 1710096069851953907 
-9.853845 0.022126 0.238004 27.417816 0.034071 -0.011712 -0.008518 1710096069871693796 
-9.850854 0.035880 0.245778 27.405581 0.034071 -0.011712 -0.008518 1710096069891434574 
-9.852648 0.028106 0.246376 27.399464 0.035136 -0.010647 -0.008518 1710096069911176769 
-9.857432 0.005382 0.208702 27.396404 0.035136 -0.009583 -0.007453 1710096069930918657 
-9.858030 0.002392 0.213486 27.402521 0.035136 -0.010647 -0.007453 1710096069950657852 
-9.875372 0.029302 0.235014 27.396404 0.033006 -0.011712 -0.007453 1710096069970399630 
-9.851452 0.043654 0.272688 27.405581 0.033006 -0.011712 -0.008518 1710096069990140519 
-9.852050 0.020332 0.242788 27.408640 0.035136 -0.010647 -0.007453 1710096070009880769 
-9.859226 -0.005382 0.212888 27.405581 0.034071 -0.010647 -0.007453 1710096070029623019 
-9.847864 0.013156 0.226642 27.408640 0.034071 -0.011712 -0.007453 1710096070049363213 
-9.853845 0.025714 0.255346 27.414759 0.033006 -0.011712 -0.007453 1710096070069103630 
-9.849658 0.027508 0.252356 27.402521 0.034071 -0.011712 -0.007453 1710096070088844019 
-9.852050 0.027508 0.227240 27.402521 0.035136 -0.010647 -0.007453 1710096070108585463 
-9.856834 0.006578 0.235612 27.399464 0.034071 -0.011712 -0.007453 1710096070128326352 
-9.859226 0.030498 0.255944 27.405581 0.033006 -0.011712 -0.007453 1710096070148067241 
-9.850256 0.029302 0.253552 27.414759 0.035136 -0.010647 -0.007453 1710096070167810046 
-9.860422 0.022126 0.231426 27.399464 0.035136 -0.009583 -0.007453 1710096070187549213 
-9.873578 0.007774 0.218868 27.408640 0.035136 -0.010647 -0.008518 1710096070207290130 
-9.861020 0.020332 0.220064 27.405581 0.034071 -0.011712 -0.008518 1710096070227030713 
-9.844874 0.036478 0.245778 27.408640 0.034071 -0.011712 -0.008518 1710096070246774185 
-9.854443 0.035282 0.244582 27.411699 0.035136 -0.010647 -0.007453 1710096070266513269 
-9.854443 0.016744 0.226642 27.408640 0.035136 -0.010647 -0.007453 1710096070286254046 
-9.855041 0.014352 0.224848 27.405581 0.034071 -0.010647 -0.007453 1710096070305994741 
-9.848462 0.015548 0.237406 27.414759 0.034071 -0.011712 -0.007453 1710096070325735546 
-9.858628 0.031694 0.248768 27.405581 0.034071 -0.010647 -0.007453 1710096070345476519 
-9.862814 0.008970 0.243386 27.399464 0.035136 -0.010647 -0.007453 1710096070365217380 
-9.853247 0.002990 0.233220 27.402521 0.035136 -0.010647 -0.006388 1710096070384958324 
-9.850854 0.015548 0.231426 27.408640 0.034071 -0.010647 -0.007453 1710096070404699269 
-9.847864 0.023920 0.237406 27.411699 0.035136 -0.010647 -0.007453 1710096070424440185 
-9.850256 0.036478 0.240994 27.408640 0.035136 -0.010647 -0.007453 1710096070444181047 
-9.853845 0.008372 0.233818 27.399464 0.035136 -0.010647 -0.007453 1710096070463924519 
-9.860422 0.025116 0.235014 27.414759 0.035136 -0.011712 -0.008518 1710096070483665269 
-9.859226 0.029900 0.254748 27.408640 0.034071 -0.011712 -0.008518 1710096070503406074 
-9.847266 0.017342 0.239798 27.402521 0.035136 -0.010647 -0.007453 1710096070523147074 
-9.854443 0.019734 0.229632 27.408640 0.034071 -0.011712 -0.007453 1710096070542888852 
-9.862814 0.008372 0.226642 27.414759 0.034071 -0.010647 -0.007453 1710096070562629047 
-9.853845 0.016146 0.247572 27.414759 0.034071 -0.011712 -0.007453 1710096070582371436 
-9.840688 0.029302 0.254748 27.402521 0.035136 -0.011712 -0.007453 1710096070602109769 
-9.860422 0.031694 0.225446 27.408640 0.035136 -0.010647 -0.007453 1710096070621849686 
-9.856834 0.013754 0.226044 27.417816 0.036201 -0.010647 -0.008518 1710096070641591297 
-9.864010 0.009568 0.235612 27.414759 0.035136 -0.011712 -0.007453 1710096070661334074 
-9.861020 0.017940 0.242190 27.402521 0.034071 -0.011712 -0.007453 1710096070681074436 
-9.871784 0.021528 0.246974 27.411699 0.034071 -0.011712 -0.008518 1710096070700815352 
-9.855639 0.013754 0.240994 27.408640 0.035136 -0.011712 -0.007453 1710096070720554602 
-9.862814 0.013754 0.227240 27.405581 0.035136 -0.010647 -0.008518 1710096070740297519 
-9.861020 0.020930 0.238004 27.417816 0.035136 -0.010647 -0.008518 1710096070760038547 
-9.845472 0.028106 0.228436 27.417816 0.034071 -0.011712 -0.007453 1710096070779779186 
-9.864010 0.035282 0.246974 27.414759 0.034071 -0.011712 -0.008518 1710096070799520352 
-9.848462 0.031694 0.235612 27.414759 0.034071 -0.011712 -0.008518 1710096070819261075 
-9.861618 0.017940 0.221858 27.423935 0.034071 -0.010647 -0.008518 1710096070839002019 
-9.852050 0.009568 0.233220 27.414759 0.034071 -0.011712 -0.007453 1710096070858741186 
-9.851452 0.022126 0.238602 27.408640 0.034071 -0.011712 -0.008518 1710096070878484158 
-9.858628 0.019136 0.235612 27.411699 0.034071 -0.010647 -0.008518 1710096070898223713 
-9.857432 0.010166 0.235014 27.423935 0.034071 -0.010647 -0.007453 1710096070917965852 
-9.867599 0.019136 0.239200 27.411699 0.034071 -0.010647 -0.007453 1710096070937706936 
-9.850256 0.014950 0.235014 27.402521 0.035136 -0.010647 -0.007453 1710096070957446408 
-9.850854 0.022724 0.227838 27.399464 0.034071 -0.011712 -0.007453 1710096070977188713 
-9.854443 0.024518 0.236210 27.396404 0.034071 -0.011712 -0.007453 1710096070996927908 
-9.852050 0.015548 0.239200 27.414759 0.035136 -0.010647 -0.007453 1710096071016670797 
-9.846070 0.023322 0.234416 27.408640 0.035136 -0.010647 -0.007453 1710096071036411491 
-9.857432 0.023920 0.232622 27.414759 0.034071 -0.011712 -0.008518 1710096071056152408 
-9.862814 0.020930 0.245180 27.414759 0.034071 -0.011712 -0.007453 1710096071075891658 
-9.856236 0.020930 0.249366 27.414759 0.034071 -0.011712 -0.007453 1710096071095634269 
-9.866403 0.030498 0.244582 27.414759 0.034071 -0.011712 -0.007453 1710096071115376186 
-9.862814 0.023920 0.239200 27.411699 0.035136 -0.011712 -0.007453 1710096071135116464 
-9.859226 0.012558 0.232024 27.420876 0.035136 -0.010647 -0.007453 1710096071154857464 
-9.855041 0.019136 0.223054 27.426994 0.034071 -0.011712 -0.008518 1710096071174598297 
-9.850854 0.025116 0.235014 27.426994 0.034071 -0.010647 -0.008518 1710096071194339102 
-9.853845 0.019136 0.229632 27.420876 0.034071 -0.011712 -0.007453 1710096071214078991 
-9.844874 0.009568 0.225446 27.417816 0.034071 -0.010647 -0.007453 1710096071233820630 
-9.855041 0.022126 0.236808 27.414759 0.034071 -0.011712 -0.007453 1710096071253561575 
-9.847266 0.032890 0.244582 27.411699 0.034071 -0.011712 -0.007453 1710096071273302436 
-9.853845 0.028704 0.251160 27.414759 0.035136 -0.010647 -0.007453 1710096071293042047 
-9.867001 0.010166 0.226642 27.411699 0.035136 -0.010647 -0.007453 1710096071312784380 
-9.859226 0.023322 0.236808 27.430054 0.034071 -0.011712 -0.008518 1710096071332525353 
-9.862216 0.022724 0.242190 27.417816 0.035136 -0.011712 -0.008518 1710096071352265186 
-9.849658 0.024518 0.246974 27.417816 0.034071 -0.010647 -0.007453 1710096071372007297 
-9.860422 0.017342 0.240396 27.420876 0.034071 -0.011712 -0.007453 1710096071391748186 
-9.866403 0.026910 0.229632 27.414759 0.034071 -0.010647 -0.007453 1710096071411489130 
-9.858030 0.016146 0.242788 27.430054 0.035136 -0.011712 -0.007453 1710096071431230769 
-9.854443 0.021528 0.238602 27.426994 0.034071 -0.010647 -0.008518 1710096071450971075 
-9.859226 0.024518 0.243386 27.408640 0.035136 -0.010647 -0.008518 1710096071470712103 
-9.853845 0.016146 0.232024 27.414759 0.034071 -0.011712 -0.008518 1710096071490451769 
-9.868794 0.026312 0.227240 27.414759 0.034071 -0.010647 -0.008518 1710096071510197325 
-9.856236 0.019136 0.234416 27.417816 0.034071 -0.010647 -0.007453 1710096071529934936 
-9.854443 0.027508 0.253552 27.408640 0.034071 -0.011712 -0.007453 1710096071549675519 
-9.846070 0.033488 0.246376 27.420876 0.034071 -0.011712 -0.007453 1710096071569417519 
-9.861618 0.025116 0.232024 27.426994 0.035136 -0.010647 -0.007453 1710096071589156992 
-9.861618 0.018538 0.235612 27.414759 0.035136 -0.010647 -0.007453 1710096071608897853 
-9.860422 0.022126 0.240396 27.420876 0.035136 -0.011712 -0.007453 1710096071628638436 
-9.842483 0.022724 0.248768 27.430054 0.034071 -0.011712 -0.008518 1710096071648379519 
-9.862814 0.022724 0.233818 27.436171 0.034071 -0.010647 -0.007453 1710096071668120742 
-9.852050 0.016146 0.230828 27.433111 0.034071 -0.010647 -0.007453 1710096071687861686 
-9.856236 0.018538 0.228436 27.411699 0.035136 -0.011712 -0.007453 1710096071707604353 
-9.858628 0.032292 0.246974 27.420876 0.034071 -0.011712 -0.008518 1710096071727343714 
-9.856834 0.017940 0.243984 27.423935 0.035136 -0.010647 -0.007453 1710096071747084658 
-9.856236 0.011960 0.227838 27.430054 0.035136 -0.009583 -0.007453 1710096071766825325 
-9.854443 0.004784 0.219466 27.417816 0.034071 -0.010647 -0.007453 1710096071786566575 
-9.847864 0.013156 0.235014 27.414759 0.034071 -0.011712 -0.007453 1710096071806307492 
-9.840090 0.028106 0.248768 27.423935 0.033006 -0.011712 -0.007453 1710096071826048408 
-9.856834 0.023920 0.246974 27.426994 0.034071 -0.010647 -0.007453 1710096071845788853 
-9.860422 0.009568 0.232024 27.426994 0.034071 -0.010647 -0.007453 1710096071865529936 
-9.862814 0.015548 0.230230 27.426994 0.035136 -0.011712 -0.007453 1710096071885270992 
-9.855639 0.031096 0.242788 27.426994 0.034071 -0.011712 -0.007453 1710096071905011853 
-9.850854 0.022724 0.243386 27.420876 0.034071 -0.011712 -0.007453 1710096071924752742 
-9.853247 0.026910 0.233220 27.423935 0.034071 -0.011712 -0.007453 1710096071944493769 
-9.863412 0.029302 0.235612 27.433111 0.035136 -0.011712 -0.007453 1710096071964234797 
-9.855639 0.022724 0.237406 27.426994 0.034071 -0.011712 -0.007453 1710096071983976158 
-9.852648 0.013754 0.239200 27.426994 0.034071 -0.011712 -0.007453 1710096072003720520 
-9.853247 0.019734 0.240396 27.426994 0.034071 -0.010647 -0.007453 1710096072023459770 
-9.852648 0.011362 0.237406 27.436171 0.035136 -0.011712 -0.007453 1710096072043200658 
-9.856834 0.031694 0.239200 27.417816 0.034071 -0.011712 -0.007453 1710096072062941853 
-9.865206 0.014950 0.243386 27.426994 0.034071 -0.010647 -0.007453 1710096072082682825 
-9.849060 0.028106 0.232622 27.426994 0.034071 -0.010647 -0.007453 1710096072102423547 
-9.853845 0.023920 0.239798 27.426994 0.034071 -0.010647 -0.007453 1710096072122162797 
-9.855041 0.046046 0.237406 27.420876 0.035136 -0.011712 -0.007453 1710096072141905436 
-9.862216 0.032890 0.243984 27.426994 0.034071 -0.011712 -0.007453 1710096072161646186 
-9.849658 0.014950 0.245180 27.430054 0.035136 -0.011712 -0.007453 1710096072181387186 
-9.869990 0.019734 0.231426 27.423935 0.035136 -0.010647 -0.007453 1710096072201128325 
-9.849658 0.016744 0.227838 27.426994 0.034071 -0.011712 -0.007453 1710096072220869270 
-9.859226 0.032890 0.243984 27.426994 0.034071 -0.011712 -0.007453 1710096072240608964 
-9.855041 0.034684 0.241592 27.430054 0.034071 -0.010647 -0.008518 1710096072260349492 
-9.862216 0.026312 0.228436 27.420876 0.035136 -0.010647 -0.008518 1710096072280092547 
-9.860422 0.022724 0.233818 27.426994 0.035136 -0.010647 -0.007453 1710096072299833020 
-9.851452 0.023920 0.227240 27.433111 0.034071 -0.011712 -0.007453 1710096072319572936 
-9.850854 0.028704 0.239798 27.420876 0.034071 -0.011712 -0.007453 1710096072339315992 
-9.868794 0.019734 0.240396 27.420876 0.034071 -0.011712 -0.007453 1710096072359055881 
-9.859824 0.026910 0.237406 27.417816 0.034071 -0.011712 -0.008518 1710096072378796853 
-9.859824 0.009568 0.234416 27.423935 0.034071 -0.010647 -0.007453 1710096072398536047 
-9.859226 0.019734 0.232622 27.423935 0.034071 -0.011712 -0.007453 1710096072418287381 
-9.853247 0.032890 0.245778 27.430054 0.034071 -0.011712 -0.008518 1710096072438021964 
-9.852050 0.028106 0.235014 27.417816 0.034071 -0.010647 -0.007453 1710096072457760770 
-9.855041 0.019734 0.232024 27.423935 0.035136 -0.010647 -0.007453 1710096072477501825 
-9.847266 0.024518 0.233220 27.430054 0.035136 -0.010647 -0.007453 1710096072497242575 
-9.859226 0.027508 0.238004 27.430054 0.035136 -0.011712 -0.007453 1710096072516983520 
-9.846070 0.020332 0.235612 27.436171 0.035136 -0.011712 -0.007453 1710096072536722686 
-9.856236 0.030498 0.241592 27.420876 0.034071 -0.011712 -0.007453 1710096072556465548 
-9.858030 0.026910 0.239798 27.442289 0.034071 -0.011712 -0.007453 1710096072576206575 
-9.852648 0.021528 0.232622 27.436171 0.034071 -0.010647 -0.007453 1710096072595947436 
-9.845472 0.027508 0.243386 27.436171 0.035136 -0.011712 -0.008518 1710096072615687075 
-9.847266 0.020930 0.240396 27.436171 0.035136 -0.011712 -0.007453 1710096072635429520 
-9.850256 0.029302 0.248170 27.430054 0.034071 -0.010647 -0.007453 1710096072655168603 
-9.852050 0.017940 0.236210 27.426994 0.034071 -0.011712 -0.007453 1710096072674911353 
-9.855639 0.011960 0.226642 27.436171 0.035136 -0.010647 -0.007453 1710096072694652214 
-9.865805 0.022126 0.232622 27.426994 0.034071 -0.011712 -0.007453 1710096072714393159 
-9.851452 0.024518 0.242788 27.426994 0.034071 -0.011712 -0.007453 1710096072734134214 
-9.861020 0.026312 0.240396 27.423935 0.034071 -0.010647 -0.007453 1710096072753873298 
-9.861618 0.016146 0.240396 27.436171 0.035136 -0.010647 -0.007453 1710096072773615520 
-9.855041 0.017940 0.236808 27.439230 0.034071 -0.010647 -0.007453 1710096072793356381 
-9.857432 0.026312 0.238004 27.439230 0.035136 -0.011712 -0.007453 1710096072813097325 
-9.856834 0.022126 0.239200 27.436171 0.034071 -0.011712 -0.007453 1710096072832839048 
-9.861618 0.013156 0.230828 27.430054 0.035136 -0.010647 -0.007453 1710096072852579214 
-9.855639 0.011960 0.238004 27.433111 0.034071 -0.011712 -0.007453 1710096072872319103 
-9.846070 0.028106 0.235612 27.426994 0.034071 -0.011712 -0.007453 1710096072892060103 
-9.851452 0.023322 0.244582 27.430054 0.034071 -0.011712 -0.008518 1710096072911804353 
-9.852050 0.018538 0.250562 27.433111 0.035136 -0.011712 -0.007453 1710096072931542826 
-9.856236 0.015548 0.234416 27.420876 0.035136 -0.011712 -0.007453 1710096072951283381 
-9.868794 0.013754 0.225446 27.436171 0.035136 -0.010647 -0.007453 1710096072971026048 
-9.850256 0.015548 0.238602 27.439230 0.035136 -0.011712 -0.007453 1710096072990766131 
-9.863412 0.021528 0.233818 27.439230 0.034071 -0.011712 -0.007453 1710096073010507020 
-9.849658 0.022126 0.249964 27.436171 0.034071 -0.011712 -0.007453 1710096073030246770 
-9.858628 0.019734 0.242190 27.457584 0.035136 -0.010647 -0.007453 1710096073049988242 
-9.858628 0.020332 0.227240 27.445349 0.035136 -0.011712 -0.007453 1710096073069729187 
-9.856834 0.011960 0.227838 27.433111 0.035136 -0.011712 -0.007453 1710096073089470131 
-9.849060 0.032890 0.236210 27.445349 0.034071 -0.010647 -0.007453 1710096073109212520 
-9.859226 0.025116 0.234416 27.448406 0.034071 -0.010647 -0.007453 1710096073128952076 
-9.855041 0.022126 0.238004 27.442289 0.034071 -0.010647 -0.007453 1710096073148692992 
-9.856236 0.024518 0.242788 27.442289 0.034071 -0.011712 -0.007453 1710096073168433603 
-9.853845 0.017940 0.245778 27.430054 0.034071 -0.011712 -0.007453 1710096073188174937 
-9.850256 0.024518 0.248768 27.442289 0.035136 -0.011712 -0.007453 1710096073207915881 
-9.853247 0.013754 0.241592 27.433111 0.035136 -0.010647 -0.007453 1710096073227656881 
-9.843678 0.014950 0.235612 27.436171 0.035136 -0.011712 -0.007453 1710096073247399298 
-9.858030 0.017940 0.237406 27.442289 0.035136 -0.011712 -0.007453 1710096073267138742 
-9.843678 0.037674 0.252954 27.445349 0.035136 -0.011712 -0.007453 1710096073286881242 
-9.852050 0.015548 0.227240 27.448406 0.036201 -0.010647 -0.007453 1710096073306620381 
-9.855041 0.016744 0.224250 27.445349 0.035136 -0.011712 -0.007453 1710096073326361770 
-9.858030 0.014950 0.240994 27.439230 0.035136 -0.011712 -0.007453 1710096073346105965 
-9.861020 0.027508 0.249964 27.442289 0.035136 -0.011712 -0.008518 1710096073365843326 
-9.856834 0.020930 0.242788 27.442289 0.035136 -0.011712 -0.008518 1710096073385584131 
-9.871186 0.016146 0.229632 27.442289 0.035136 -0.010647 -0.008518 1710096073405325076 
-9.859226 0.013156 0.230230 27.433111 0.034071 -0.011712 -0.008518 1710096073425066131 
-9.845472 0.027508 0.250562 27.439230 0.034071 -0.011712 -0.007453 1710096073444807104 
-9.858628 0.029900 0.248170 27.442289 0.034071 -0.011712 -0.008518 1710096073464548048 
-9.859824 0.008372 0.233220 27.442289 0.035136 -0.010647 -0.007453 1710096073484289020 
-9.860422 0.007774 0.242788 27.442289 0.035136 -0.010647 -0.007453 1710096073504032798 
-9.850854 0.007774 0.231426 27.448406 0.035136 -0.011712 -0.007453 1710096073523771520 
-9.857432 0.020332 0.244582 27.448406 0.035136 -0.011712 -0.008518 1710096073543514354 
-9.849060 0.018538 0.243386 27.448406 0.034071 -0.011712 -0.007453 1710096073563254965 
-9.853845 0.011960 0.234416 27.439230 0.035136 -0.011712 -0.007453 1710096073582996048 
-9.861020 0.015548 0.236808 27.439230 0.035136 -0.011712 -0.007453 1710096073602737159 
-9.853845 0.010764 0.240994 27.433111 0.035136 -0.011712 -0.007453 1710096073622475909 
-9.853247 0.010166 0.239200 27.439230 0.035136 -0.010647 -0.008518 1710096073642219159 
-9.855041 0.011960 0.243984 27.436171 0.035136 -0.010647 -0.008518 1710096073661958020 
-9.856236 0.023920 0.236210 27.439230 0.034071 -0.011712 -0.007453 1710096073681700715 
-9.851452 0.032890 0.233818 27.436171 0.034071 -0.010647 -0.008518 1710096073701441409 
-9.853247 0.014950 0.235014 27.436171 0.034071 -0.010647 -0.008518 1710096073721182381 
-9.860422 0.016146 0.240396 27.439230 0.034071 -0.010647 -0.007453 1710096073740923576 
-9.856236 0.011362 0.238602 27.442289 0.034071 -0.011712 -0.007453 1710096073760663381 
-9.866403 0.014950 0.244582 27.442289 0.034071 -0.011712 -0.007453 1710096073780406076 
-9.849658 0.010764 0.239798 27.442289 0.034071 -0.011712 -0.007453 1710096073800144604 
-9.861618 0.026910 0.236808 27.442289 0.035136 -0.011712 -0.007453 1710096073819887659 
-9.867599 0.029302 0.240994 27.442289 0.036201 -0.010647 -0.007453 1710096073839628493 
-9.856236 0.022724 0.230230 27.448406 0.035136 -0.010647 -0.007453 1710096073859369326 
-9.863412 0.035880 0.246974 27.442289 0.035136 -0.011712 -0.007453 1710096073879110687 
-9.850256 0.025116 0.233818 27.433111 0.035136 -0.010647 -0.008518 1710096073898850132 
-9.855639 0.020332 0.230828 27.436171 0.035136 -0.010647 -0.008518 1710096073918592187 
-9.847266 0.010764 0.236808 27.439230 0.035136 -0.011712 -0.007453 1710096073938331576 
-9.857432 0.030498 0.238602 27.433111 0.034071 -0.010647 -0.007453 1710096073958073020 
-9.865206 0.020930 0.243984 27.423935 0.034071 -0.011712 -0.007453 1710096073977815104 
-9.859226 0.013754 0.243386 27.436171 0.035136 -0.010647 -0.007453 1710096073997556104 
-9.853845 0.019734 0.234416 27.448406 0.034071 -0.010647 -0.007453 1710096074017297354 
-9.856834 0.014950 0.242190 27.445349 0.034071 -0.011712 -0.008518 1710096074037037993 
-9.843678 0.023920 0.243984 27.436171 0.035136 -0.011712 -0.007453 1710096074056779048 
-9.853247 0.016744 0.238004 27.445349 0.034071 -0.010647 -0.007453 1710096074076518187 
-9.857432 0.013156 0.229632 27.442289 0.035136 -0.010647 -0.008518 1710096074096260993 
-9.849060 0.020332 0.232622 27.448406 0.034071 -0.010647 -0.007453 1710096074116001993 
-9.861020 0.028704 0.247572 27.448406 0.034071 -0.011712 -0.008518 1710096074135742882 
-9.867599 0.022724 0.232622 27.439230 0.034071 -0.011712 -0.008518 1710096074155482409 
-9.849060 0.007176 0.237406 27.439230 0.034071 -0.011712 -0.007453 1710096074175225021 
-9.852050 0.019734 0.227240 27.439230 0.034071 -0.011712 -0.007453 1710096074194965965 
-9.853247 0.033488 0.248768 27.436171 0.034071 -0.011712 -0.007453 1710096074214706798 
-9.867001 0.038870 0.246376 27.439230 0.035136 -0.011712 -0.007453 1710096074234447771 
-9.859226 0.030498 0.238004 27.439230 0.035136 -0.010647 -0.008518 1710096074254197548 
-9.855639 0.017940 0.235612 27.436171 0.034071 -0.010647 -0.008518 1710096074273931798 
-9.847266 0.021528 0.236808 27.426994 0.034071 -0.010647 -0.007453 1710096074293669021 
-9.849658 0.030498 0.243386 27.442289 0.034071 -0.010647 -0.008518 1710096074313411187 
-9.856834 0.026910 0.238602 27.426994 0.034071 -0.011712 -0.007453 1710096074333152965 
-9.864608 0.014352 0.240396 27.448406 0.035136 -0.011712 -0.007453 1710096074352893021 
-9.858628 0.017342 0.232024 27.457584 0.035136 -0.010647 -0.008518 1710096074372634910 
-9.853845 0.016146 0.236210 27.439230 0.035136 -0.011712 -0.007453 1710096074392374993 
-9.846070 0.024518 0.234416 27.439230 0.034071 -0.011712 -0.007453 1710096074412117326 
-9.847266 0.021528 0.236210 27.442289 0.035136 -0.011712 -0.007453 1710096074431856048 
-9.844276 0.033488 0.242788 27.439230 0.035136 -0.010647 -0.007453 1710096074451597882 
-9.858030 0.025714 0.242788 27.439230 0.035136 -0.010647 -0.007453 1710096074471338854 
-9.864608 0.019734 0.235612 27.445349 0.035136 -0.011712 -0.008518 1710096074491079854 
-9.865805 0.024518 0.239200 27.457584 0.034071 -0.011712 -0.007453 1710096074510821326 
-9.855041 0.026312 0.241592 27.442289 0.034071 -0.010647 -0.007453 1710096074530561882 
-9.863412 0.032292 0.236808 27.448406 0.035136 -0.011712 -0.007453 1710096074550302743 
-9.856834 0.017940 0.242190 27.439230 0.035136 -0.011712 -0.007453 1710096074570042437 
-9.855041 0.013754 0.227240 27.451466 0.034071 -0.011712 -0.007453 1710096074589783854 
-9.843081 0.032890 0.240994 27.442289 0.034071 -0.012777 -0.007453 1710096074609524965 
-9.852648 0.026910 0.237406 27.448406 0.034071 -0.011712 -0.007453 1710096074629267354 
-9.858628 0.019734 0.239200 27.445349 0.034071 -0.010647 -0.008518 1710096074649006354 
-9.851452 0.013754 0.238602 27.448406 0.035136 -0.010647 -0.007453 1710096074668747715 
-9.849658 0.017342 0.233220 27.457584 0.034071 -0.010647 -0.007453 1710096074688488799 
-9.856834 0.034086 0.246974 27.457584 0.034071 -0.011712 -0.007453 1710096074708229326 
-9.842483 0.025116 0.233220 27.448406 0.034071 -0.010647 -0.007453 1710096074727970743 
-9.841885 0.010764 0.249366 27.442289 0.034071 -0.011712 -0.007453 1710096074747711715 
-9.851452 0.015548 0.233818 27.445349 0.034071 -0.010647 -0.007453 1710096074767452743 
-9.859226 0.011960 0.233220 27.448406 0.034071 -0.011712 -0.007453 1710096074787195354 
-9.855041 0.020332 0.233220 27.439230 0.034071 -0.011712 -0.008518 1710096074806934743 
-9.847864 0.017940 0.245180 27.445349 0.034071 -0.011712 -0.007453 1710096074826675604 
-9.862216 0.025116 0.239200 27.445349 0.035136 -0.010647 -0.007453 1710096074846416438 
-9.867599 0.023920 0.230230 27.442289 0.035136 -0.010647 -0.007453 1710096074866157604 
-9.861020 0.026910 0.234416 27.442289 0.034071 -0.010647 -0.007453 1710096074885898160 
-9.860422 0.026312 0.234416 27.445349 0.034071 -0.011712 -0.007453 1710096074905639465 
-9.856834 0.019136 0.252356 27.436171 0.034071 -0.011712 -0.007453 1710096074925380021 
-9.855639 0.013754 0.230828 27.442289 0.034071 -0.011712 -0.008518 1710096074945120993 
-9.859824 0.017342 0.226642 27.439230 0.035136 -0.010647 -0.008518 1710096074964861993 
-9.865805 0.023322 0.240994 27.439230 0.034071 -0.011712 -0.008518 1710096074984602854 
-9.854443 0.032292 0.241592 27.439230 0.034071 -0.011712 -0.007453 1710096075004343910 
-9.853247 0.019734 0.243984 27.448406 0.035136 -0.010647 -0.008518 1710096075024085021 
-9.861618 0.011960 0.224250 27.448406 0.035136 -0.011712 -0.007453 1710096075043828049 
-9.847864 0.019136 0.243386 27.451466 0.035136 -0.011712 -0.007453 1710096075063567299 
-9.856236 0.038272 0.240994 27.451466 0.034071 -0.011712 -0.008518 1710096075083310188 
-9.862814 0.024518 0.250562 27.436171 0.035136 -0.011712 -0.007453 1710096075103051021 
-9.857432 0.017940 0.227838 27.448406 0.035136 -0.010647 -0.008518 1710096075122791799 
-9.841885 0.023322 0.234416 27.442289 0.035136 -0.011712 -0.007453 1710096075142533049 
-9.853845 0.019136 0.239200 27.436171 0.035136 -0.011712 -0.007453 1710096075162273854 
-9.861618 0.028704 0.239200 27.445349 0.035136 -0.011712 -0.008518 1710096075182023077 
-9.856834 0.019734 0.240994 27.457584 0.035136 -0.010647 -0.007453 1710096075201755938 
-9.856834 0.011362 0.225446 27.457584 0.035136 -0.011712 -0.007453 1710096075221497327 
-9.841287 0.026910 0.240994 27.445349 0.034071 -0.011712 -0.007453 1710096075241237438 
-9.858030 0.025714 0.235014 27.451466 0.035136 -0.010647 -0.007453 1710096075260978354 
-9.855639 0.012558 0.242788 27.442289 0.034071 -0.011712 -0.007453 1710096075280719493 
-9.855639 0.021528 0.233818 27.454525 0.034071 -0.010647 -0.008518 1710096075300460382 
-9.861020 0.023920 0.242190 27.460644 0.034071 -0.011712 -0.007453 1710096075320201438 
-9.858628 0.020332 0.236808 27.439230 0.035136 -0.010647 -0.007453 1710096075339940688 
-9.858628 0.022126 0.248170 27.439230 0.034071 -0.011712 -0.007453 1710096075359682216 
-9.843081 0.008970 0.235612 27.445349 0.034071 -0.011712 -0.007453 1710096075379424716 
-9.865805 0.002990 0.234416 27.454525 0.035136 -0.010647 -0.007453 1710096075399165466 
-9.847864 0.011960 0.236808 27.454525 0.034071 -0.011712 -0.007453 1710096075418906604 
-9.848462 0.019136 0.245180 27.445349 0.034071 -0.011712 -0.008518 1710096075438647410 
-9.858030 0.020930 0.234416 27.451466 0.034071 -0.010647 -0.007453 1710096075458388438 
-9.860422 0.034086 0.232622 27.448406 0.035136 -0.011712 -0.007453 1710096075478127493 
-9.844874 0.005980 0.227240 27.442289 0.034071 -0.011712 -0.007453 1710096075497870382 
-9.853247 0.029900 0.240994 27.448406 0.034071 -0.011712 -0.007453 1710096075517611271 
-9.855041 0.020332 0.245778 27.454525 0.035136 -0.011712 -0.007453 1710096075537353327 
-9.860422 0.013156 0.233818 27.457584 0.034071 -0.011712 -0.007453 1710096075557093466 
-9.853247 0.016744 0.223054 27.454525 0.034071 -0.011712 -0.007453 1710096075576834105 
-9.861020 0.017342 0.236210 27.454525 0.035136 -0.010647 -0.007453 1710096075596575049 
-9.855639 0.019136 0.240396 27.457584 0.034071 -0.011712 -0.007453 1710096075616314466 
-9.849658 0.021528 0.241592 27.451466 0.034071 -0.010647 -0.008518 1710096075636057188 
-9.855041 0.020332 0.229632 27.445349 0.034071 -0.010647 -0.007453 1710096075655796243 
-9.860422 0.016146 0.232622 27.454525 0.034071 -0.011712 -0.008518 1710096075675538882 
-9.861020 0.026312 0.230828 27.457584 0.034071 -0.011712 -0.007453 1710096075695278299 
-9.856236 0.025714 0.240396 27.454525 0.034071 -0.010647 -0.007453 1710096075715020771 
-9.869392 0.022724 0.248768 27.466761 0.034071 -0.010647 -0.007453 1710096075734761827 
-9.856236 0.002990 0.217672 27.457584 0.034071 -0.009583 -0.008518 1710096075754502827 
-9.856236 0.006578 0.212290 27.442289 0.034071 -0.010647 -0.007453 1710096075774244605 
-9.841885 0.037674 0.266110 27.445349 0.033006 -0.013841 -0.007453 1710096075793985244 
-9.847864 0.042458 0.260130 27.460644 0.033006 -0.010647 -0.007453 1710096075813725299 
-9.855041 0.014950 0.230230 27.460644 0.034071 -0.010647 -0.007453 1710096075833465077 
-9.858030 0.002990 0.215878 27.451466 0.034071 -0.010647 -0.007453 1710096075853207410 
-9.845472 0.032292 0.261924 27.451466 0.034071 -0.012777 -0.007453 1710096075872947049 
-9.849060 0.031694 0.248768 27.448406 0.035136 -0.010647 -0.007453 1710096075892689244 
-9.850256 0.014352 0.232622 27.469820 0.035136 -0.009583 -0.008518 1710096075912431021 
-9.857432 0.010764 0.211094 27.475939 0.035136 -0.009583 -0.007453 1710096075932171244 
-9.855041 0.030498 0.238004 27.466761 0.034071 -0.011712 -0.007453 1710096075951910994 
-9.853247 0.044252 0.260728 27.457584 0.034071 -0.011712 -0.007453 1710096075971651938 
-9.843678 0.026312 0.238004 27.466761 0.035136 -0.010647 -0.007453 1710096075991394077 
-9.858628 0.004186 0.220662 27.463701 0.035136 -0.009583 -0.007453 1710096076011135188 
-9.859226 0.026910 0.226044 27.469820 0.034071 -0.010647 -0.007453 1710096076030876077 
-9.855639 0.034086 0.251160 27.460644 0.034071 -0.011712 -0.007453 1710096076050617577 
-9.863412 0.024518 0.251758 27.457584 0.035136 -0.011712 -0.007453 1710096076070358105 
-9.853247 0.016146 0.236210 27.448406 0.035136 -0.011712 -0.007453 1710096076090102271 
-9.859824 0.021528 0.224848 27.463701 0.035136 -0.011712 -0.007453 1710096076109840966 
-9.853247 0.019734 0.232024 27.460644 0.035136 -0.011712 -0.008518 1710096076129580355 
-9.859226 0.029900 0.251160 27.463701 0.034071 -0.011712 -0.007453 1710096076149321271 
-9.849060 0.029900 0.245180 27.463701 0.034071 -0.010647 -0.007453 1710096076169062244 
-9.865206 0.024518 0.233818 27.457584 0.036201 -0.010647 -0.007453 1710096076188804772 
-9.852648 0.013156 0.228436 27.454525 0.035136 -0.011712 -0.008518 1710096076208544105 
-9.859226 0.021528 0.242788 27.454525 0.034071 -0.011712 -0.007453 1710096076228285133 
-9.860422 0.028106 0.246376 27.445349 0.034071 -0.011712 -0.008518 1710096076248025716 
-9.856834 0.023322 0.249964 27.445349 0.034071 -0.010647 -0.007453 1710096076267767160 
-9.843678 0.017940 0.228436 27.451466 0.035136 -0.010647 -0.007453 1710096076287508299 
-9.865206 0.012558 0.228436 27.457584 0.035136 -0.011712 -0.007453 1710096076307249160 
-9.845472 0.036478 0.234416 27.454525 0.034071 -0.011712 -0.007453 1710096076326991605 
-9.858628 0.027508 0.250562 27.463701 0.034071 -0.011712 -0.008518 1710096076346731077 
-9.862216 0.017940 0.248768 27.457584 0.035136 -0.010647 -0.007453 1710096076366471966 
-9.859226 0.022126 0.217074 27.466761 0.035136 -0.010647 -0.008518 1710096076386212577 
-9.852050 0.008970 0.225446 27.466761 0.034071 -0.011712 -0.008518 1710096076405953827 
-9.853247 0.031096 0.251160 27.460644 0.034071 -0.011712 -0.007453 1710096076425694688 
-9.855041 0.033488 0.255346 27.457584 0.034071 -0.011712 -0.008518 1710096076445435716 
-9.853845 0.017940 0.235612 27.457584 0.035136 -0.010647 -0.007453 1710096076465176549 
-9.860422 0.010166 0.223054 27.466761 0.035136 -0.011712 -0.008518 1710096076484918188 
-9.849658 0.020930 0.235612 27.463701 0.035136 -0.011712 -0.007453 1710096076504658633 
-9.863412 0.029900 0.237406 27.454525 0.034071 -0.011712 -0.008518 1710096076524399549 
-9.846668 0.021528 0.239798 27.451466 0.035136 -0.010647 -0.008518 1710096076544140494 
-9.871186 0.017342 0.226642 27.454525 0.034071 -0.010647 -0.007453 1710096076563883605 
-9.860422 0.016744 0.235612 27.469820 0.034071 -0.011712 -0.008518 1710096076583624522 
-9.852648 0.027508 0.240396 27.460644 0.034071 -0.011712 -0.007453 1710096076603363855 
-9.858030 0.034086 0.242190 27.472879 0.035136 -0.010647 -0.008518 1710096076623106383 
-9.861618 0.014950 0.223652 27.466761 0.035136 -0.010647 -0.007453 1710096076642847661 
-9.852050 0.010166 0.234416 27.460644 0.034071 -0.010647 -0.007453 1710096076662588827 
-9.855041 0.021528 0.244582 27.466761 0.034071 -0.011712 -0.008518 1710096076682329716 
-9.861618 0.028704 0.246974 27.463701 0.034071 -0.011712 -0.007453 1710096076702070466 
-9.850256 0.019734 0.236210 27.463701 0.035136 -0.010647 -0.007453 1710096076721811216 
-9.858628 0.023322 0.226044 27.463701 0.035136 -0.011712 -0.008518 1710096076741550355 
-9.852050 0.017342 0.238004 27.457584 0.034071 -0.011712 -0.007453 1710096076761293494 
-9.847266 0.029302 0.237406 27.469820 0.034071 -0.011712 -0.008518 1710096076781034161 
-9.856236 0.031096 0.245778 27.463701 0.034071 -0.011712 -0.008518 1710096076800775133 
-9.847864 0.033488 0.230828 27.463701 0.034071 -0.010647 -0.007453 1710096076820516133 
-9.861618 0.016146 0.232622 27.454525 0.034071 -0.010647 -0.007453 1710096076840257188 
-9.852648 0.022126 0.239798 27.457584 0.035136 -0.011712 -0.007453 1710096076859998050 
-9.849060 0.023322 0.235612 27.463701 0.035136 -0.011712 -0.007453 1710096076879737244 
-9.853845 0.016744 0.232622 27.466761 0.034071 -0.011712 -0.008518 1710096076899478216 
-9.868196 0.010166 0.237406 27.457584 0.034071 -0.010647 -0.008518 1710096076919221022 
-9.858628 0.023322 0.238004 27.469820 0.034071 -0.011712 -0.007453 1710096076938961939 
-9.854443 0.016744 0.243386 27.463701 0.034071 -0.011712 -0.008518 1710096076958703022 
-9.854443 0.022724 0.237406 27.466761 0.034071 -0.011712 -0.007453 1710096076978443939 
-9.856236 0.026312 0.238004 27.466761 0.034071 -0.011712 -0.007453 1710096076998185050 
-9.855041 0.022126 0.235612 27.466761 0.034071 -0.010647 -0.008518 1710096077017927550 
-9.855041 0.025714 0.247572 27.466761 0.034071 -0.010647 -0.008518 1710096077037666855 
-9.853845 0.004784 0.240396 27.454525 0.034071 -0.010647 -0.007453 1710096077057408661 
-9.859824 0.008970 0.237406 27.457584 0.034071 -0.010647 -0.007453 1710096077077149050 
-9.859226 0.023322 0.244582 27.457584 0.034071 -0.011712 -0.007453 1710096077096890244 
-9.859226 0.022126 0.240994 27.457584 0.034071 -0.010647 -0.007453 1710096077116630911 
-9.861020 0.026910 0.240396 27.457584 0.034071 -0.010647 -0.008518 1710096077136371828 
-9.853845 0.014352 0.234416 27.457584 0.034071 -0.010647 -0.008518 1710096077156111216 
-9.853247 0.013754 0.235014 27.472879 0.035136 -0.011712 -0.007453 1710096077175853966 
-9.843081 0.033488 0.237406 27.463701 0.035136 -0.011712 -0.008518 1710096077195594828 
-9.853247 0.020930 0.239798 27.478996 0.034071 -0.010647 -0.007453 1710096077215336161 
-9.856834 0.019734 0.232622 27.478996 0.034071 -0.010647 -0.007453 1710096077235075022 
-9.855041 0.022126 0.233818 27.472879 0.035136 -0.010647 -0.008518 1710096077254817550 
-9.859226 0.032890 0.232622 27.466761 0.034071 -0.011712 -0.008518 1710096077274558689 
-9.850854 0.028704 0.238602 27.466761 0.034071 -0.010647 -0.007453 1710096077294299716 
-9.855639 0.017342 0.247572 27.463701 0.035136 -0.011712 -0.007453 1710096077314041300 
-9.854443 0.022724 0.241592 27.472879 0.035136 -0.010647 -0.007453 1710096077333781217 
-9.847864 0.014950 0.223054 27.469820 0.034071 -0.011712 -0.008518 1710096077353522244 
-9.853845 0.013754 0.231426 27.475939 0.033006 -0.011712 -0.008518 1710096077373262217 
-9.862216 0.028704 0.254748 27.472879 0.034071 -0.011712 -0.008518 1710096077393004050 
-9.851452 0.028106 0.243386 27.472879 0.035136 -0.010647 -0.007453 1710096077412745105 
-9.862814 0.017342 0.229632 27.469820 0.034071 -0.011712 -0.007453 1710096077432486050 
-9.858030 0.011960 0.231426 27.463701 0.035136 -0.011712 -0.007453 1710096077452228272 
-9.865206 0.021528 0.242788 27.469820 0.035136 -0.011712 -0.007453 1710096077471967967 
-9.861618 0.011362 0.243984 27.478996 0.035136 -0.011712 -0.007453 1710096077491708967 
-9.857432 0.028106 0.236210 27.466761 0.034071 -0.010647 -0.007453 1710096077511448772 
-9.852648 0.011960 0.243386 27.463701 0.034071 -0.010647 -0.007453 1710096077531190967 
-9.853845 0.028106 0.240396 27.457584 0.034071 -0.011712 -0.007453 1710096077550931855 
-9.858628 0.008970 0.240994 27.472879 0.034071 -0.011712 -0.008518 1710096077570672994 
-9.859824 0.015548 0.240994 27.472879 0.034071 -0.011712 -0.007453 1710096077590414439 
-9.854443 0.011960 0.241592 27.460644 0.034071 -0.011712 -0.007453 1710096077610155022 
-9.855041 0.016744 0.239798 27.469820 0.034071 -0.011712 -0.007453 1710096077629895217 
-9.854443 0.012558 0.228436 27.482056 0.035136 -0.011712 -0.008518 1710096077649635772 
-9.844874 0.009568 0.223652 27.466761 0.035136 -0.011712 -0.007453 1710096077669377189 
-9.856834 0.008372 0.235612 27.478996 0.034071 -0.011712 -0.008518 1710096077689118300 
-9.846070 0.024518 0.250562 27.472879 0.034071 -0.011712 -0.008518 1710096077708859106 
-9.854443 0.028106 0.245180 27.472879 0.034071 -0.011712 -0.007453 1710096077728601633 
-9.859226 0.005382 0.238004 27.460644 0.034071 -0.011712 -0.007453 1710096077748341217 
-9.863412 0.017940 0.235014 27.482056 0.035136 -0.010647 -0.007453 1710096077768083633 
-9.850256 0.014950 0.234416 27.482056 0.034071 -0.011712 -0.007453 1710096077787822800 
-9.851452 0.033488 0.243984 27.472879 0.034071 -0.011712 -0.008518 1710096077807564133 
-9.844874 0.016744 0.236210 27.469820 0.035136 -0.010647 -0.008518 1710096077827305106 
-9.857432 0.020332 0.236808 27.469820 0.034071 -0.010647 -0.007453 1710096077847046078 
-9.860422 0.017342 0.233220 27.469820 0.035136 -0.010647 -0.007453 1710096077866788522 
-9.853247 0.014950 0.233818 27.472879 0.034071 -0.011712 -0.008518 1710096077886528050 
-9.851452 0.016146 0.234416 27.466761 0.034071 -0.010647 -0.007453 1710096077906270522 
-9.861020 0.017342 0.233220 27.472879 0.035136 -0.010647 -0.007453 1710096077926009522 
-9.864010 0.019136 0.243386 27.472879 0.034071 -0.011712 -0.007453 1710096077945753772 
-9.859824 0.026312 0.245778 27.469820 0.035136 -0.011712 -0.007453 1710096077965492189 
-9.858030 0.018538 0.235014 27.478996 0.035136 -0.010647 -0.008518 1710096077985232550 
-9.858030 0.030498 0.228436 27.478996 0.035136 -0.010647 -0.008518 1710096078004973772 
-9.849658 0.018538 0.231426 27.469820 0.035136 -0.011712 -0.008518 1710096078024714633 
-9.846668 0.032890 0.239798 27.469820 0.035136 -0.011712 -0.007453 1710096078044455550 
-9.862216 0.011362 0.240994 27.472879 0.035136 -0.010647 -0.008518 1710096078064196550 
-9.855639 0.022724 0.233818 27.460644 0.034071 -0.010647 -0.007453 1710096078083939800 
-9.865805 0.028106 0.243984 27.475939 0.034071 -0.010647 -0.007453 1710096078103680634 
-9.859824 0.029302 0.249964 27.478996 0.035136 -0.010647 -0.008518 1710096078123421634 
-9.857432 0.011960 0.238602 27.485115 0.034071 -0.010647 -0.007453 1710096078143160828 
-9.847864 0.017940 0.230828 27.475939 0.034071 -0.010647 -0.007453 1710096078162903578 
-9.851452 0.025714 0.242788 27.469820 0.034071 -0.011712 -0.007453 1710096078182644772 
-9.848462 0.017342 0.244582 27.463701 0.034071 -0.011712 -0.008518 1710096078202385634 
-9.864608 0.034684 0.239798 27.478996 0.035136 -0.011712 -0.007453 1710096078222126745 
-9.858628 0.016744 0.239798 27.475939 0.034071 -0.010647 -0.007453 1710096078241867272 
-9.866403 0.022724 0.243386 27.469820 0.034071 -0.011712 -0.007453 1710096078261608411 
-9.852648 0.020930 0.235612 27.469820 0.034071 -0.011712 -0.008518 1710096078281347467 
-9.847266 0.022724 0.240396 27.466761 0.035136 -0.011712 -0.007453 1710096078301090495 
-9.858628 0.023920 0.229632 27.472879 0.034071 -0.011712 -0.008518 1710096078320831245 
-9.859226 0.024518 0.236808 27.485115 0.034071 -0.011712 -0.007453 1710096078340572328 
-9.856834 0.020332 0.236210 27.475939 0.035136 -0.011712 -0.007453 1710096078360313384 
-9.853845 0.020332 0.232622 27.469820 0.035136 -0.010647 -0.008518 1710096078380054300 
-9.860422 0.019734 0.235014 27.475939 0.034071 -0.010647 -0.008518 1710096078399795217 
-9.859226 0.028704 0.238004 27.475939 0.034071 -0.010647 -0.007453 1710096078419534495 
-9.848462 0.019734 0.232622 27.460644 0.035136 -0.010647 -0.007453 1710096078439277439 
-9.854443 0.021528 0.241592 27.475939 0.034071 -0.010647 -0.007453 1710096078459018161 
-9.849060 0.015548 0.229632 27.475939 0.034071 -0.010647 -0.007453 1710096078478758217 
-9.855041 0.019734 0.244582 27.472879 0.034071 -0.011712 -0.007453 1710096078498500745 
-9.855041 0.022724 0.235014 27.472879 0.034071 -0.011712 -0.007453 1710096078518241384 
-9.848462 0.020332 0.237406 27.482056 0.035136 -0.011712 -0.007453 1710096078537982273 
-9.862216 0.016744 0.231426 27.469820 0.035136 -0.011712 -0.007453 1710096078557722189 
-9.861020 0.021528 0.234416 27.463701 0.034071 -0.010647 -0.007453 1710096078577464717 
-9.855041 0.026312 0.238004 27.475939 0.034071 -0.010647 -0.008518 1710096078597205273 
-9.853247 0.026910 0.233818 27.482056 0.035136 -0.010647 -0.007453 1710096078616945134 
-9.857432 0.024518 0.238602 27.482056 0.035136 -0.011712 -0.007453 1710096078636687467 
-9.844874 0.014950 0.236210 27.478996 0.034071 -0.011712 -0.007453 1710096078656428523 
-9.859824 0.023322 0.238602 27.469820 0.034071 -0.010647 -0.007453 1710096078676169189 
-9.861618 0.013156 0.243984 27.482056 0.035136 -0.011712 -0.007453 1710096078695910245 
-9.856834 0.022724 0.232024 27.469820 0.035136 -0.011712 -0.008518 1710096078715651356 
-9.858030 0.021528 0.236808 27.460644 0.034071 -0.011712 -0.008518 1710096078735392162 
-9.847864 0.028704 0.238602 27.472879 0.034071 -0.010647 -0.007453 1710096078755131773 
-9.852050 0.023920 0.245180 27.482056 0.034071 -0.011712 -0.007453 1710096078774872717 
-9.853247 0.022724 0.243386 27.482056 0.034071 -0.011712 -0.007453 1710096078794614939 
-9.845472 0.031096 0.235014 27.485115 0.034071 -0.011712 -0.008518 1710096078814356051 
-9.852648 0.023920 0.235612 27.485115 0.035136 -0.011712 -0.008518 1710096078834096967 
-9.849060 0.025714 0.235612 27.475939 0.035136 -0.010647 -0.008518 1710096078853840606 
-9.840688 0.024518 0.238004 27.475939 0.034071 -0.010647 -0.007453 1710096078873577828 
-9.841885 0.026312 0.240396 27.482056 0.034071 -0.011712 -0.007453 1710096078893320662 
-9.857432 0.030498 0.239200 27.485115 0.035136 -0.011712 -0.008518 1710096078913059439 
-9.850854 0.014352 0.239798 27.485115 0.034071 -0.011712 -0.007453 1710096078932800273 
-9.859824 0.016744 0.238004 27.485115 0.034071 -0.011712 -0.007453 1710096078952542801 
-9.853247 0.022126 0.232622 27.482056 0.035136 -0.011712 -0.008518 1710096078972283606 
-9.856236 0.020332 0.239798 27.478996 0.034071 -0.010647 -0.008518 1710096078992025106 
-9.858628 0.025714 0.242788 27.478996 0.035136 -0.010647 -0.008518 1710096079011764412 
-9.858628 0.013156 0.242190 27.482056 0.035136 -0.010647 -0.008518 1710096079031506551 
-9.849060 0.022126 0.241592 27.491234 0.035136 -0.011712 -0.008518 1710096079051246328 
-9.852050 0.024518 0.230828 27.485115 0.034071 -0.011712 -0.008518 1710096079070988356 
-9.861618 0.020332 0.238004 27.488174 0.034071 -0.010647 -0.007453 1710096079090729523 
-9.850854 0.022724 0.243386 27.478996 0.034071 -0.011712 -0.008518 1710096079110470523 
-9.854443 0.026312 0.235014 27.488174 0.034071 -0.011712 -0.007453 1710096079130212162 
-9.859824 0.025714 0.236808 27.475939 0.034071 -0.010647 -0.008518 1710096079149951773 
-9.852050 0.031096 0.240994 27.488174 0.034071 -0.011712 -0.007453 1710096079169692634 
-9.852050 0.039468 0.247572 27.491234 0.035136 -0.010647 -0.007453 1710096079189433356 
-9.859824 0.021528 0.242788 27.485115 0.035136 -0.010647 -0.007453 1710096079209174690 
-9.861020 0.017940 0.234416 27.488174 0.034071 -0.011712 -0.008518 1710096079228915717 
-9.856834 0.020332 0.236210 27.485115 0.035136 -0.011712 -0.007453 1710096079248656717 
-9.853845 0.023322 0.234416 27.488174 0.035136 -0.011712 -0.007453 1710096079268399273 
-9.853247 0.016744 0.234416 27.482056 0.035136 -0.010647 -0.008518 1710096079288140356 
-9.861618 0.013754 0.240396 27.482056 0.034071 -0.011712 -0.008518 1710096079307879662 
-9.849060 0.015548 0.242788 27.478996 0.034071 -0.010647 -0.007453 1710096079327620301 
-9.858030 0.019734 0.235612 27.475939 0.034071 -0.011712 -0.007453 1710096079347361606 
-9.861020 0.011362 0.233818 27.466761 0.034071 -0.011712 -0.007453 1710096079367102690 
-9.859226 0.016146 0.240994 27.482056 0.034071 -0.011712 -0.007453 1710096079386843579 
-9.859824 0.030498 0.241592 27.472879 0.035136 -0.011712 -0.007453 1710096079406586245 
-9.853247 0.022126 0.238004 27.472879 0.035136 -0.011712 -0.008518 1710096079426325773 
-9.858030 0.021528 0.240396 27.478996 0.035136 -0.010647 -0.008518 1710096079446066745 
-9.846070 0.022724 0.243984 27.478996 0.035136 -0.011712 -0.007453 1710096079465807245 
-9.853845 0.033488 0.241592 27.478996 0.035136 -0.011712 -0.007453 1710096079485548218 
-9.853247 0.028106 0.238602 27.488174 0.034071 -0.010647 -0.007453 1710096079505289273 
-9.861618 0.034684 0.228436 27.485115 0.034071 -0.011712 -0.007453 1710096079525030384 
-9.856834 0.010166 0.228436 27.475939 0.034071 -0.010647 -0.007453 1710096079544771301 
-9.861020 0.016744 0.235014 27.485115 0.035136 -0.011712 -0.007453 1710096079564512356 
-9.860422 0.022126 0.245180 27.488174 0.035136 -0.011712 -0.007453 1710096079584253245 
-9.867599 0.014352 0.228436 27.488174 0.035136 -0.011712 -0.007453 1710096079603997106 
-9.849658 0.029900 0.230828 27.478996 0.034071 -0.011712 -0.007453 1710096079623737273 
-9.858030 0.021528 0.230828 27.482056 0.034071 -0.010647 -0.007453 1710096079643478634 
-9.849658 0.021528 0.243386 27.494291 0.034071 -0.011712 -0.008518 1710096079663219773 
-9.861618 0.024518 0.243386 27.485115 0.035136 -0.011712 -0.008518 1710096079682958745 
-9.853247 0.028704 0.233220 27.485115 0.034071 -0.010647 -0.007453 1710096079702701662 
-9.857432 0.017940 0.233818 27.478996 0.035136 -0.010647 -0.007453 1710096079722442412 
-9.856834 0.026910 0.248170 27.469820 0.035136 -0.011712 -0.008518 1710096079742183412 
-9.854443 0.013754 0.232622 27.488174 0.035136 -0.010647 -0.008518 1710096079761923162 
-9.856834 0.028106 0.237406 27.488174 0.035136 -0.010647 -0.008518 1710096079781675273 
-9.850256 0.019136 0.239798 27.497351 0.034071 -0.011712 -0.008518 1710096079801406940 
-9.854443 0.020332 0.243984 27.497351 0.034071 -0.011712 -0.007453 1710096079821145357 
-9.855639 0.018538 0.228436 27.488174 0.034071 -0.011712 -0.007453 1710096079840888245 
-9.855639 0.030498 0.248170 27.482056 0.034071 -0.011712 -0.007453 1710096079860629245 
-9.853845 0.026312 0.235014 27.472879 0.034071 -0.011712 -0.007453 1710096079880370023 
-9.846668 0.032292 0.230828 27.485115 0.035136 -0.011712 -0.007453 1710096079900111190 
-9.850256 0.023920 0.240994 27.485115 0.035136 -0.011712 -0.008518 1710096079919852051 
-9.849658 0.028704 0.236808 27.491234 0.034071 -0.011712 -0.007453 1710096079939593051 
-9.855041 0.018538 0.236808 27.491234 0.034071 -0.010647 -0.007453 1710096079959332246 
-9.849658 0.020930 0.245778 27.497351 0.035136 -0.011712 -0.007453 1710096079979073551 
-9.856834 0.008970 0.239798 27.472879 0.034071 -0.011712 -0.007453 1710096079998816440 
-9.862216 0.019136 0.239200 27.488174 0.034071 -0.011712 -0.007453 1710096080018558857 
-9.862814 0.009568 0.237406 27.494291 0.034071 -0.011712 -0.007453 1710096080038298273 
-9.853845 0.011960 0.236808 27.488174 0.035136 -0.010647 -0.007453 1710096080058038968 
-9.860422 0.016744 0.239200 27.485115 0.034071 -0.010647 -0.007453 1710096080077779940 
-9.845472 0.028106 0.239798 27.488174 0.034071 -0.011712 -0.007453 1710096080097519357 
-9.854443 0.019734 0.238004 27.485115 0.034071 -0.010647 -0.007453 1710096080117262218 
-9.860422 0.014950 0.236210 27.485115 0.035136 -0.010647 -0.008518 1710096080137003135 
-9.859824 0.011362 0.238602 27.478996 0.034071 -0.011712 -0.008518 1710096080156744079 
-9.846668 0.021528 0.238602 27.469820 0.034071 -0.011712 -0.007453 1710096080176485329 
-9.849658 0.019734 0.241592 27.482056 0.035136 -0.011712 -0.007453 1710096080196225940 
-9.845472 0.030498 0.235014 27.491234 0.034071 -0.011712 -0.007453 1710096080215967135 
-9.855041 0.034684 0.242190 27.488174 0.035136 -0.011712 -0.007453 1710096080235708440 
-9.860422 0.027508 0.244582 27.494291 0.034071 -0.011712 -0.007453 1710096080255449607 
-9.856236 0.031096 0.239798 27.488174 0.034071 -0.011712 -0.007453 1710096080275190190 
-9.853845 0.022126 0.239200 27.488174 0.034071 -0.010647 -0.007453 1710096080294931079 
-9.853247 0.026312 0.239200 27.494291 0.035136 -0.010647 -0.007453 1710096080314670412 
-9.853845 0.019734 0.234416 27.497351 0.035136 -0.011712 -0.007453 1710096080334413107 
-9.850256 0.015548 0.230230 27.488174 0.034071 -0.011712 -0.007453 1710096080354154107 
-9.859226 0.020930 0.234416 27.494291 0.034071 -0.011712 -0.007453 1710096080373894635 
-9.852648 0.017940 0.238602 27.485115 0.034071 -0.011712 -0.007453 1710096080393636329 
-9.859226 0.023322 0.246376 27.500410 0.035136 -0.011712 -0.007453 1710096080413376579 
-9.855041 0.028704 0.242190 27.491234 0.035136 -0.010647 -0.007453 1710096080433117468 
-9.858030 0.017342 0.236210 27.491234 0.034071 -0.011712 -0.007453 1710096080452857329 
-9.847864 0.029302 0.238004 27.491234 0.034071 -0.011712 -0.008518 1710096080472599579 
-9.858628 0.025116 0.238602 27.491234 0.034071 -0.011712 -0.008518 1710096080492340524 
-9.859226 0.020332 0.243984 27.488174 0.034071 -0.011712 -0.008518 1710096080512081412 
-9.853845 0.020332 0.243386 27.500410 0.035136 -0.011712 -0.007453 1710096080531823107 
-9.858628 0.011362 0.248768 27.497351 0.035136 -0.010647 -0.007453 1710096080551564246 
-9.853247 0.015548 0.241592 27.503469 0.035136 -0.010647 -0.008518 1710096080571305551 
-9.849060 0.013754 0.230230 27.491234 0.034071 -0.010647 -0.007453 1710096080591044385 
-9.856834 0.013754 0.228436 27.500410 0.034071 -0.010647 -0.007453 1710096080610785357 
-9.861618 0.010166 0.236808 27.494291 0.034071 -0.011712 -0.007453 1710096080630527579 
-9.860422 0.020930 0.236210 27.491234 0.034071 -0.010647 -0.007453 1710096080650267774 
-9.859226 0.022724 0.236210 27.494291 0.035136 -0.010647 -0.008518 1710096080670010774 
-9.844276 0.020332 0.231426 27.500410 0.035136 -0.010647 -0.008518 1710096080689753218 
-9.858628 0.010166 0.239200 27.488174 0.035136 -0.011712 -0.007453 1710096080709491301 
-9.858628 0.031694 0.242788 27.497351 0.034071 -0.011712 -0.008518 1710096080729231440 
-9.857432 0.027508 0.232622 27.485115 0.034071 -0.010647 -0.008518 1710096080748972774 
-9.855041 0.022126 0.237406 27.494291 0.034071 -0.010647 -0.008518 1710096080768713885 
-9.840090 0.023322 0.238602 27.503469 0.034071 -0.010647 -0.008518 1710096080788454690 
-9.859226 0.021528 0.240396 27.497351 0.034071 -0.010647 -0.008518 1710096080808197357 
-9.849658 0.017342 0.236808 27.491234 0.034071 -0.011712 -0.008518 1710096080827936746 
-9.853247 0.016146 0.242190 27.500410 0.034071 -0.010647 -0.008518 1710096080847677857 
-9.855041 0.025116 0.235612 27.503469 0.034071 -0.010647 -0.008518 1710096080867418413 
-9.847864 0.006578 0.243984 27.491234 0.034071 -0.010647 -0.008518 1710096080887160052 
-9.858628 0.015548 0.242190 27.491234 0.035136 -0.010647 -0.007453 1710096080906901246 
-9.862814 0.022126 0.239200 27.485115 0.035136 -0.010647 -0.007453 1710096080926641802 
-9.852050 0.020332 0.231426 27.503469 0.034071 -0.010647 -0.007453 1710096080946384357 
-9.852648 0.015548 0.239200 27.500410 0.034071 -0.011712 -0.007453 1710096080966123885 
-9.849658 0.023322 0.239798 27.503469 0.034071 -0.010647 -0.008518 1710096080985864385 
-9.871186 0.019136 0.238004 27.491234 0.035136 -0.011712 -0.007453 1710096081005605468 
-9.856236 0.025116 0.233818 27.491234 0.035136 -0.010647 -0.007453 1710096081025346746 
-9.855041 0.023920 0.232024 27.485115 0.034071 -0.011712 -0.008518 1710096081045087440 
-9.852050 0.023322 0.241592 27.488174 0.034071 -0.011712 -0.007453 1710096081064828385 
-9.858628 0.013754 0.238004 27.497351 0.034071 -0.011712 -0.007453 1710096081084569552 
-9.862216 0.021528 0.235014 27.494291 0.034071 -0.010647 -0.007453 1710096081104310496 
-9.855041 0.018538 0.236808 27.512646 0.034071 -0.010647 -0.008518 1710096081124054052 
-9.851452 0.031096 0.239798 27.512646 0.035136 -0.010647 -0.008518 1710096081143794691 
-9.856236 0.015548 0.230230 27.500410 0.035136 -0.010647 -0.008518 1710096081163535746 
-9.861618 0.017342 0.245180 27.494291 0.035136 -0.011712 -0.007453 1710096081183276802 
-9.857432 0.023920 0.246376 27.509586 0.034071 -0.010647 -0.007453 1710096081203017691 
-9.855041 0.020930 0.240396 27.500410 0.034071 -0.010647 -0.007453 1710096081222757024 
-9.844276 0.026312 0.238602 27.497351 0.034071 -0.011712 -0.008518 1710096081242499857 
-9.858030 0.027508 0.232024 27.500410 0.034071 -0.011712 -0.007453 1710096081262240774 
-9.851452 0.029302 0.233818 27.500410 0.034071 -0.010647 -0.007453 1710096081281979524 
-9.847266 0.027508 0.239200 27.503469 0.035136 -0.011712 -0.007453 1710096081301722718 
-9.848462 0.014352 0.235014 27.503469 0.035136 -0.011712 -0.007453 1710096081321463496 
-9.856236 0.017342 0.239200 27.497351 0.035136 -0.010647 -0.007453 1710096081341204357 
-9.850256 0.022126 0.235612 27.506529 0.035136 -0.011712 -0.007453 1710096081360943635 
-9.852648 0.028106 0.239200 27.503469 0.034071 -0.010647 -0.007453 1710096081380686663 
-9.849658 0.035282 0.230828 27.488174 0.034071 -0.010647 -0.007453 1710096081400427441 
-9.861020 0.025714 0.237406 27.509586 0.034071 -0.011712 -0.007453 1710096081420168357 
-9.852050 0.029900 0.242190 27.500410 0.035136 -0.011712 -0.007453 1710096081439909607 
-9.855639 0.011960 0.237406 27.494291 0.034071 -0.011712 -0.007453 1710096081459650496 
-9.848462 0.029302 0.233818 27.509586 0.034071 -0.011712 -0.007453 1710096081479391468 
-9.845472 0.019136 0.235014 27.506529 0.035136 -0.011712 -0.008518 1710096081499130635 
-9.860422 0.028704 0.247572 27.506529 0.035136 -0.010647 -0.007453 1710096081518873524 
-9.855041 0.030498 0.238004 27.494291 0.035136 -0.010647 -0.007453 1710096081538614496 
-9.850256 0.022126 0.245778 27.485115 0.035136 -0.010647 -0.007453 1710096081558355413 
-9.863412 0.019136 0.242788 27.491234 0.035136 -0.010647 -0.007453 1710096081578096691 
-9.851452 0.027508 0.229632 27.491234 0.034071 -0.011712 -0.007453 1710096081597836524 
-9.849658 0.029302 0.231426 27.485115 0.035136 -0.011712 -0.008518 1710096081617587830 
-9.841885 0.020930 0.227240 27.500410 0.035136 -0.011712 -0.008518 1710096081637318885 
-9.858628 0.025116 0.239200 27.500410 0.034071 -0.011712 -0.008518 1710096081657060857 
-9.850854 0.019734 0.237406 27.494291 0.034071 -0.010647 -0.008518 1710096081676801635 
-9.853845 0.026312 0.240994 27.491234 0.034071 -0.010647 -0.008518 1710096081696542607 
-9.865206 0.024518 0.234416 27.494291 0.034071 -0.010647 -0.007453 1710096081716283830 
-9.854443 0.023920 0.240994 27.500410 0.035136 -0.011712 -0.008518 1710096081736024524 
-9.860422 0.029900 0.242788 27.497351 0.035136 -0.011712 -0.008518 1710096081755765580 
-9.852050 0.032890 0.238602 27.497351 0.035136 -0.011712 -0.008518 1710096081775507774 
-9.868196 0.017940 0.233818 27.497351 0.035136 -0.011712 -0.008518 1710096081795247830 
-9.846668 0.011362 0.240396 27.503469 0.035136 -0.011712 -0.008518 1710096081814988441 
-9.851452 0.019136 0.239798 27.497351 0.034071 -0.010647 -0.007453 1710096081834729830 
-9.855639 0.026910 0.239200 27.491234 0.034071 -0.010647 -0.008518 1710096081854468996 
-9.856834 0.014950 0.240396 27.491234 0.034071 -0.010647 -0.008518 1710096081874209802 
-9.849658 0.027508 0.248768 27.500410 0.034071 -0.010647 -0.007453 1710096081893952663 
-9.850854 0.010764 0.236210 27.500410 0.035136 -0.010647 -0.008518 1710096081913693774 
-9.869392 0.019734 0.237406 27.512646 0.036201 -0.011712 -0.007453 1710096081933434691 
-9.858030 0.026910 0.237406 27.506529 0.035136 -0.011712 -0.007453 1710096081953175608 
-9.849060 0.020930 0.232622 27.500410 0.035136 -0.011712 -0.007453 1710096081972916302 
-9.853247 0.020930 0.230828 27.518764 0.035136 -0.011712 -0.008518 1710096081992655774 
-9.858030 0.028704 0.233220 27.506529 0.035136 -0.010647 -0.007453 1710096082012398135 
-9.863412 0.017940 0.232622 27.503469 0.035136 -0.011712 -0.007453 1710096082032139080 
-9.856236 0.016744 0.237406 27.500410 0.035136 -0.010647 -0.007453 1710096082051880163 
-9.859226 0.018538 0.232024 27.500410 0.035136 -0.010647 -0.007453 1710096082071621663 
-9.857432 0.014352 0.239798 27.500410 0.035136 -0.011712 -0.007453 1710096082091362135 
-9.848462 0.022724 0.230828 27.506529 0.035136 -0.011712 -0.007453 1710096082111103080 
-9.856834 0.029302 0.230230 27.515705 0.035136 -0.011712 -0.008518 1710096082130842997 
-9.856834 0.027508 0.235014 27.512646 0.034071 -0.011712 -0.008518 1710096082150585219 
-9.852050 0.015548 0.243984 27.509586 0.034071 -0.010647 -0.007453 1710096082170326135 
-9.859226 0.005980 0.235612 27.500410 0.034071 -0.010647 -0.007453 1710096082190067163 
-9.859824 0.026910 0.243386 27.497351 0.035136 -0.011712 -0.008518 1710096082209808719 
-9.860422 0.023322 0.240396 27.509586 0.035136 -0.010647 -0.007453 1710096082229548497 
-9.862814 0.023322 0.240396 27.500410 0.035136 -0.011712 -0.007453 1710096082249289302 
-9.862216 0.019734 0.232622 27.500410 0.035136 -0.011712 -0.008518 1710096082269030080 
-9.861020 0.019136 0.236808 27.512646 0.034071 -0.010647 -0.007453 1710096082288771441 
-9.856236 0.019136 0.239798 27.503469 0.034071 -0.011712 -0.007453 1710096082308512469 
-9.851452 0.018538 0.228436 27.500410 0.035136 -0.011712 -0.007453 1710096082328253497 
-9.859824 0.011362 0.238602 27.503469 0.035136 -0.011712 -0.008518 1710096082347995941 
-9.855041 0.011362 0.235612 27.509586 0.034071 -0.011712 -0.008518 1710096082367735358 
-9.852050 0.024518 0.237406 27.503469 0.034071 -0.010647 -0.007453 1710096082387476497 
-9.853845 0.026910 0.238004 27.497351 0.035136 -0.011712 -0.007453 1710096082407217136 
-9.858030 0.016146 0.239200 27.509586 0.034071 -0.011712 -0.007453 1710096082426958497 
-9.859824 0.017342 0.233818 27.506529 0.035136 -0.011712 -0.007453 1710096082446699524 
-9.851452 0.019136 0.234416 27.506529 0.034071 -0.011712 -0.007453 1710096082466440525 
-9.845472 0.014352 0.232622 27.512646 0.034071 -0.011712 -0.008518 1710096082486183108 
-9.850854 0.022724 0.243984 27.506529 0.034071 -0.011712 -0.008518 1710096082505922191 
-9.852050 0.021528 0.246376 27.515705 0.034071 -0.011712 -0.007453 1710096082525666497 
-9.856834 0.019734 0.238602 27.506529 0.034071 -0.010647 -0.007453 1710096082545405275 
-9.855639 0.017940 0.248170 27.509586 0.034071 -0.011712 -0.008518 1710096082565145052 
-9.851452 0.022126 0.238602 27.506529 0.035136 -0.011712 -0.008518 1710096082584886191 
-9.851452 0.018538 0.239798 27.506529 0.035136 -0.010647 -0.008518 1710096082604627191 
-9.854443 0.024518 0.242788 27.509586 0.034071 -0.010647 -0.007453 1710096082624368136 
-9.853247 0.017940 0.243386 27.512646 0.035136 -0.010647 -0.007453 1710096082644109413 
-9.850256 0.020332 0.245180 27.500410 0.035136 -0.010647 -0.008518 1710096082663852802 
-9.859824 0.026312 0.232024 27.515705 0.035136 -0.011712 -0.008518 1710096082683593441 
-9.852648 0.023920 0.232622 27.515705 0.035136 -0.010647 -0.008518 1710096082703334691 
-9.861618 0.028704 0.242190 27.506529 0.035136 -0.010647 -0.007453 1710096082723074025 
-9.853247 0.013156 0.229632 27.512646 0.034071 -0.010647 -0.007453 1710096082742816358 
-9.859824 0.021528 0.239200 27.515705 0.034071 -0.011712 -0.007453 1710096082762556108 
-9.858628 0.022724 0.230230 27.512646 0.034071 -0.010647 -0.007453 1710096082782299025 
-9.860422 0.025116 0.233220 27.518764 0.034071 -0.010647 -0.008518 1710096082802039414 
-9.856834 0.023322 0.231426 27.521824 0.034071 -0.011712 -0.007453 1710096082821780191 
-9.862814 0.024518 0.241592 27.515705 0.034071 -0.011712 -0.007453 1710096082841521497 
-9.856236 0.013156 0.240994 27.512646 0.034071 -0.010647 -0.007453 1710096082861262302 
-9.856834 0.020930 0.238602 27.515705 0.034071 -0.010647 -0.008518 1710096082881003469 
-9.861020 0.021528 0.239798 27.506529 0.034071 -0.011712 -0.007453 1710096082900742386 
-9.852648 0.026312 0.234416 27.515705 0.035136 -0.011712 -0.007453 1710096082920488136 
-9.856834 0.026312 0.240994 27.518764 0.035136 -0.010647 -0.007453 1710096082940225830 
-9.851452 0.022724 0.240396 27.506529 0.034071 -0.011712 -0.007453 1710096082959968303 
-9.852648 0.028704 0.233818 27.503469 0.035136 -0.011712 -0.007453 1710096082979708553 
-9.852648 0.019734 0.242788 27.515705 0.034071 -0.011712 -0.008518 1710096082999449330 
-9.856236 0.025714 0.238004 27.500410 0.034071 -0.010647 -0.007453 1710096083019190553 
-9.850256 0.022724 0.232622 27.509586 0.035136 -0.010647 -0.008518 1710096083038929414 
-9.852648 0.014950 0.239200 27.515705 0.035136 -0.010647 -0.008518 1710096083058672414 
-9.855639 0.019734 0.242190 27.500410 0.035136 -0.010647 -0.007453 1710096083078413330 
-9.859824 0.016146 0.233818 27.509586 0.035136 -0.011712 -0.007453 1710096083098154358 
-9.862814 0.013754 0.244582 27.515705 0.034071 -0.010647 -0.007453 1710096083117895580 
-9.861618 0.019734 0.235014 27.524881 0.034071 -0.011712 -0.007453 1710096083137636414 
-9.855041 0.021528 0.233818 27.518764 0.034071 -0.010647 -0.007453 1710096083157377386 
-9.860422 0.009568 0.238004 27.512646 0.034071 -0.010647 -0.007453 1710096083177116664 
-9.864010 0.018538 0.238004 27.527941 0.034071 -0.011712 -0.007453 1710096083196859580 
-9.868794 0.020930 0.235014 27.531000 0.034071 -0.011712 -0.007453 1710096083216600497 
-9.849658 0.030498 0.241592 27.518764 0.034071 -0.011712 -0.007453 1710096083236341414 
-9.854443 0.026910 0.240994 27.506529 0.035136 -0.011712 -0.007453 1710096083256082692 
-9.853845 0.021528 0.240994 27.509586 0.034071 -0.011712 -0.007453 1710096083275821664 
-9.862814 0.012558 0.236210 27.512646 0.034071 -0.011712 -0.007453 1710096083295564414 
-9.861618 0.025714 0.235612 27.524881 0.034071 -0.011712 -0.008518 1710096083315305914 
-9.849658 0.013156 0.236808 27.512646 0.034071 -0.011712 -0.007453 1710096083335046608 
-9.855041 0.029900 0.240994 27.518764 0.035136 -0.011712 -0.007453 1710096083354787525 
-9.859824 0.028704 0.236210 27.534060 0.034071 -0.011712 -0.007453 1710096083374528553 
-9.856236 0.014950 0.239798 27.527941 0.034071 -0.011712 -0.008518 1710096083394267914 
-9.857432 0.028106 0.232024 27.518764 0.035136 -0.010647 -0.008518 1710096083414011025 
-9.856834 0.022724 0.240396 27.515705 0.035136 -0.010647 -0.008518 1710096083433751136 
-9.855041 0.019136 0.235014 27.509586 0.035136 -0.011712 -0.007453 1710096083453500692 
-9.856834 0.026312 0.242788 27.506529 0.034071 -0.010647 -0.007453 1710096083473235581 
-9.863412 0.023322 0.244582 27.509586 0.034071 -0.010647 -0.007453 1710096083492974219 
-9.858628 0.034086 0.244582 27.515705 0.035136 -0.011712 -0.007453 1710096083512715108 
-9.855041 0.021528 0.237406 27.509586 0.035136 -0.011712 -0.007453 1710096083532454886 
-9.853247 0.019734 0.238602 27.515705 0.034071 -0.010647 -0.007453 1710096083552197219 
-9.848462 0.020930 0.246974 27.531000 0.034071 -0.011712 -0.007453 1710096083571938192 
-9.849060 0.013754 0.239798 27.512646 0.034071 -0.011712 -0.007453 1710096083591679192 
-9.854443 0.022724 0.239200 27.524881 0.034071 -0.011712 -0.007453 1710096083611418942 
-9.850256 0.018538 0.239798 27.509586 0.035136 -0.010647 -0.007453 1710096083631161192 
-9.858628 0.017342 0.242190 27.515705 0.035136 -0.011712 -0.008518 1710096083650901025 
-9.861020 0.010764 0.239798 27.518764 0.035136 -0.010647 -0.007453 1710096083670642220 
-9.857432 0.005980 0.242190 27.512646 0.035136 -0.011712 -0.007453 1710096083690384942 
-9.851452 0.027508 0.235014 27.506529 0.035136 -0.011712 -0.008518 1710096083710125303 
-9.852648 0.024518 0.236210 27.524881 0.035136 -0.011712 -0.007453 1710096083729865470 
-9.853845 0.021528 0.240396 27.527941 0.035136 -0.011712 -0.008518 1710096083749608053 
-9.863412 0.026312 0.239200 27.509586 0.035136 -0.010647 -0.007453 1710096083769349608 
-9.856236 0.035282 0.242788 27.518764 0.034071 -0.011712 -0.007453 1710096083789088608 
-9.855041 0.019136 0.232024 27.515705 0.035136 -0.010647 -0.007453 1710096083808829164 
-9.859824 0.023322 0.235612 27.534060 0.034071 -0.010647 -0.008518 1710096083828570636 
-9.846668 0.015548 0.239200 27.524881 0.034071 -0.011712 -0.008518 1710096083848311636 
-9.850256 0.005980 0.239798 27.503469 0.035136 -0.011712 -0.007453 1710096083868052303 
-9.851452 0.024518 0.239200 27.521824 0.035136 -0.011712 -0.007453 1710096083887795164 
-9.857432 0.025116 0.244582 27.515705 0.034071 -0.010647 -0.007453 1710096083907534803 
-9.862814 0.020332 0.239200 27.524881 0.035136 -0.010647 -0.007453 1710096083927275720 
-9.850854 0.017342 0.236210 27.524881 0.034071 -0.011712 -0.007453 1710096083947016247 
-9.858030 0.017342 0.243386 27.518764 0.034071 -0.010647 -0.008518 1710096083966757775 
-9.854443 0.022724 0.240994 27.518764 0.034071 -0.010647 -0.008518 1710096083986498664 
-9.855041 0.027508 0.240396 27.518764 0.034071 -0.011712 -0.008518 1710096084006239942 
-9.853845 0.028704 0.249366 27.515705 0.034071 -0.011712 -0.007453 1710096084025980303 
-9.858030 0.020930 0.240994 27.515705 0.035136 -0.010647 -0.008518 1710096084045721386 
-9.856834 0.028704 0.241592 27.518764 0.034071 -0.011712 -0.007453 1710096084065462470 
-9.843678 0.020332 0.225446 27.524881 0.035136 -0.011712 -0.007453 1710096084085203525 
-9.849658 0.025116 0.239200 27.531000 0.035136 -0.011712 -0.007453 1710096084104944414 
-9.864608 0.019136 0.230230 27.518764 0.034071 -0.010647 -0.007453 1710096084124685525 
-9.855639 0.024518 0.236808 27.521824 0.034071 -0.010647 -0.007453 1710096084144426553 
-9.854443 0.016744 0.234416 27.515705 0.034071 -0.010647 -0.007453 1710096084164167498 
-9.852050 0.021528 0.239200 27.518764 0.035136 -0.011712 -0.007453 1710096084183911025 
-9.850256 0.028704 0.240994 27.509586 0.035136 -0.010647 -0.007453 1710096084203651664 
-9.846070 0.026910 0.243386 27.531000 0.035136 -0.010647 -0.007453 1710096084223392748 
-9.855639 0.022724 0.240396 27.521824 0.035136 -0.010647 -0.007453 1710096084243133914 
-9.861618 0.028704 0.236210 27.512646 0.034071 -0.011712 -0.008518 1710096084262874664 
-9.858030 0.012558 0.233818 27.521824 0.034071 -0.011712 -0.008518 1710096084282615636 
-9.850256 0.016744 0.236808 27.521824 0.034071 -0.011712 -0.007453 1710096084302355053 
-9.855639 0.025116 0.236210 27.537119 0.034071 -0.010647 -0.007453 1710096084322098081 
-9.852648 0.030498 0.234416 27.524881 0.034071 -0.010647 -0.007453 1710096084341838525 
-9.845472 0.028704 0.236210 27.515705 0.034071 -0.010647 -0.007453 1710096084361588553 
-9.847266 -0.002392 0.241592 27.521824 0.034071 -0.011712 -0.007453 1710096084381322664 
-9.852648 0.017940 0.237406 27.534060 0.034071 -0.010647 -0.008518 1710096084401061609 
-9.858030 0.022724 0.237406 27.534060 0.034071 -0.011712 -0.007453 1710096084420802664 
-9.871784 0.010166 0.236210 27.518764 0.034071 -0.011712 -0.008518 1710096084440541914 
-9.858030 0.026910 0.235612 27.521824 0.034071 -0.011712 -0.008518 1710096084460284887 
-9.857432 0.018538 0.240994 27.518764 0.035136 -0.010647 -0.007453 1710096084480025720 
-9.866403 0.016744 0.245180 27.524881 0.035136 -0.010647 -0.007453 1710096084499766831 
-9.867599 0.008970 0.238004 27.534060 0.035136 -0.011712 -0.007453 1710096084519507859 
-9.863412 0.014950 0.243386 27.527941 0.035136 -0.011712 -0.007453 1710096084539248887 
-9.857432 0.040664 0.229632 27.512646 0.034071 -0.011712 -0.008518 1710096084558988192 
-9.852648 0.029302 0.228436 27.518764 0.034071 -0.011712 -0.007453 1710096084578729026 
-9.856236 0.028704 0.252356 27.521824 0.033006 -0.011712 -0.007453 1710096084598471970 
-9.853845 0.024518 0.234416 27.521824 0.035136 -0.010647 -0.007453 1710096084618212442 
-9.862814 0.005980 0.218868 27.518764 0.035136 -0.010647 -0.007453 1710096084637953942 
-9.865206 0.015548 0.226044 27.521824 0.034071 -0.011712 -0.007453 1710096084657695137 
-9.845472 0.026312 0.251758 27.521824 0.034071 -0.011712 -0.007453 1710096084677435914 
-9.852648 0.028106 0.255346 27.518764 0.035136 -0.011712 -0.008518 1710096084697176998 
-9.853845 0.004784 0.221260 27.527941 0.035136 -0.010647 -0.008518 1710096084716916859 
-9.871186 0.017342 0.221260 27.527941 0.035136 -0.010647 -0.008518 1710096084736659387 
-9.853247 0.024518 0.242190 27.515705 0.034071 -0.011712 -0.008518 1710096084756400026 
-9.861618 0.027508 0.252356 27.527941 0.034071 -0.011712 -0.008518 1710096084776140942 
-9.847864 0.025116 0.230828 27.512646 0.034071 -0.011712 -0.007453 1710096084795880303 
-9.852050 0.022126 0.243386 27.506529 0.034071 -0.010647 -0.008518 1710096084815624248 
-9.853845 0.028704 0.251160 27.515705 0.034071 -0.011712 -0.007453 1710096084835364692 
-9.835904 0.022126 0.250562 27.524881 0.035136 -0.011712 -0.007453 1710096084855105026 
